tree
version=v4
num_class=1
num_tree_per_iteration=1
label_index=0
max_feature_idx=14
objective=quantile
feature_names=item_id dept_id cat_id store_id state_id wday month sell_price price_norm roll_mean_7 roll_mean_28 snap_CA snap_TX snap_WI horizon_day
feature_infos=-1:2086:2528:1925:1089:1340:1539:1687:1547:1980:2603:57:953:2753:638:1320:2335:223:548:579:648:1332:1929:2302:2936:117:520:562:644:826:919:1556:1636:2332:2776:19:138:183:403:559:806:861:1595:2308:2340:2624:2765:235:441:536:699:896:1246:1411:1457:1537:1579:2330:2481:2737:2751:54:484:506:616:848:1238:1284:1742:1750:1770:1881:1911:2072:2247:2680:2684:2922:63:271:332:549:577:929:1077:1108:1315:2083:2456:2527:2558:2673:2804:2919:130:134:463:630:710:972:1114:1145:1349:1452:1465:1628:1649:1664:1884:2130:2503:2670:2717:2743:2831:2842:80:87:276:316:654:673:738:845:912:1009:1031:1370:1583:1644:1660:1838:2090:2175:2437:2605:2634:2756:2782:2854:2940:2983:25:157:184:289:402:415:456:475:597:704:718:757:894:1080:1104:1178:1195:1242:1627:1663:1670:1720:1749:1760:1806:1810:1902:1967:2059:2081:2095:2191:2438:2442:2470:2542:2574:2714:2806:3015:73:76:106:118:208:251:306:364:432:609:610:641:723:768:779:920:948:952:1025:1030:1153:1179:1192:1208:1399:1466:1491:1593:1597:1658:1695:1710:1813:1848:1940:1983:2006:2045:2146:2182:2217:2226:2243:2395:2403:2411:2424:2429:2460:2611:2643:2708:2738:2818:2881:3022:3025:3043:41:100:261:266:458:651:689:824:891:907:1011:1041:1047:1125:1136:1185:1234:1443:1445:1451:1463:1486:1589:1621:1648:1702:1738:1751:1849:1869:1963:1976:2002:2058:2159:2193:2197:2204:2369:2472:2540:2547:2648:2729:2767:2910:2933:2974:3011:3017:5:65:79:165:252:323:367:410:532:538:553:573:649:670:721:741:772:782:847:852:911:946:984:1019:1026:1079:1134:1135:1159:1205:1215:1259:1269:1481:1497:1499:1502:1515:1596:1783:1784:1803:1808:1834:1850:1927:1938:1991:2075:2356:2367:2387:2431:2559:2586:2652:2724:2726:2823:2913:3045:66:70:126:159:172:236:255:259:317:349:388:420:442:516:561:588:635:819:856:909:918:922:1013:1023:1071:1081:1149:1186:1209:1220:1225:1241:1267:1273:1275:1381:1395:1398:1417:1470:1476:1477:1504:1558:1617:1630:1633:1655:1657:1675:1677:1704:1824:1877:1919:1956:2003:2033:2100:2121:2153:2232:2295:2336:2610:2692:2792:2835:2892:12:26:31:69:89:91:146:247:274:284:321:347:362:398:423:427:460:490:527:557:574:601:626:650:729:751:773:778:799:809:814:836:860:874:901:1014:1022:1074:1132:1143:1187:1274:1377:1379:1473:1489:1511:1615:1661:1676:1714:1804:1861:1959:1986:1996:2004:2056:2062:2080:2136:2161:2164:2224:2311:2348:2370:2407:2415:2420:2422:2469:2541:2550:2575:2580:2581:2591:2620:2679:2710:2805:2809:2855:2884:2896:2960:2962:2971:50:72:116:438:512:534:541:564:569:643:682:692:693:777:787:820:862:865:895:969:995:1015:1037:1050:1158:1161:1196:1204:1247:1257:1328:1396:1397:1423:1436:1448:1468:1577:1582:1599:1671:1743:1759:1840:1876:1908:1922:1928:1947:1954:1960:1984:2043:2052:2054:2145:2149:2158:2190:2282:2286:2298:2316:2343:2381:2399:2441:2479:2515:2546:2577:2579:2598:2727:2763:2796:2832:2851:2873:2889:2909:2947:3035:3039:3041:4:20:23:78:173:180:301:339:424:437:472:492:602:613:672:750:761:791:800:864:867:876:879:938:1012:1043:1057:1073:1075:1099:1154:1163:1170:1189:1227:1230:1244:1265:1292:1304:1316:1326:1407:1426:1506:1544:1575:1607:1608:1614:1623:1708:1776:1800:1842:1891:1939:2008:2053:2098:2163:2167:2177:2207:2228:2244:2294:2299:2301:2303:2319:2349:2357:2361:2426:2427:2458:2480:2493:2497:2510:2513:2530:2532:2564:2568:2578:2582:2675:2699:2715:2719:2735:2762:2790:2802:2822:2840:2853:2867:2926:2932:2965:3029:15:94:103:104:123:131:160:175:189:192:200:248:256:282:307:345:346:370:379:382:394:400:412:459:466:493:497:567:583:656:658:667:687:725:747:756:766:840:868:897:899:902:950:951:992:1003:1028:1033:1039:1049:1054:1068:1076:1084:1091:1100:1116:1129:1162:1202:1226:1235:1253:1256:1296:1305:1375:1388:1393:1434:1460:1461:1508:1610:1637:1685:1694:1698:1799:1801:1858:1860:1907:1917:1948:1951:1982:1990:1992:1999:2115:2187:2202:2212:2215:2220:2268:2290:2328:2333:2346:2365:2382:2428:2447:2521:2549:2560:2592:2637:2639:2723:2742:2785:2788:2807:2813:2845:2862:2905:2944:2951:2:3:48:60:67:96:156:181:188:203:216:232:242:260:267:277:296:300:318:335:361:377:389:529:551:593:640:671:678:703:720:752:808:827:853:924:949:955:988:993:1027:1117:1119:1183:1228:1251:1258:1280:1324:1360:1367:1389:1414:1420:1503:1512:1563:1613:1682:1701:1715:1746:1764:1802:1852:1854:1862:1866:1896:1933:1953:1978:1989:2014:2015:2060:2096:2102:2143:2173:2188:2195:2196:2210:2229:2231:2266:2327:2347:2386:2402:2449:2450:2457:2466:2501:2504:2584:2600:2622:2623:2625:2636:2664:2666:2668:2695:2720:2731:2844:2846:2858:2861:2874:2885:2937:2950:3003:3004:59:62:111:139:168:171:227:234:253:262:272:308:310:334:356:386:391:413:444:450:464:468:489:491:509:584:639:647:712:737:744:926:1056:1060:1062:1066:1067:1102:1157:1180:1182:1240:1249:1252:1300:1327:1339:1351:1372:1410:1424:1429:1494:1510:1516:1524:1525:1527:1531:1538:1580:1625:1632:1665:1672:1693:1705:1709:1713:1722:1729:1730:1757:1777:1820:1832:1841:1867:1890:1897:1913:1914:1968:2024:2061:2069:2074:2093:2112:2192:2233:2256:2262:2355:2380:2393:2400:2409:2435:2436:2445:2453:2463:2486:2499:2517:2539:2561:2619:2642:2682:2698:2759:2770:2771:2801:2859:2866:2871:2876:2878:2941:2997:3000:3009:3018:3028:7:28:40:61:71:92:109:110:120:129:142:154:182:194:207:213:214:221:225:265:281:328:368:380:383:405:417:425:443:447:453:482:501:514:523:524:544:605:608:619:620:628:645:652:653:707:735:755:775:794:812:817:823:832:859:881:917:923:956:977:986:994:998:1035:1036:1059:1094:1101:1131:1146:1151:1198:1254:1283:1286:1290:1313:1333:1347:1366:1406:1444:1462:1495:1498:1529:1647:1680:1716:1727:1772:1773:1786:1796:1809:1863:1898:1915:1921:1924:1955:1965:2028:2030:2042:2104:2125:2139:2140:2142:2162:2189:2194:2218:2230:2250:2257:2264:2270:2272:2289:2293:2300:2334:2372:2475:2487:2519:2562:2569:2629:2630:2677:2713:2721:2747:2749:2750:2754:2783:2817:2826:2841:2843:2869:2895:2903:2914:2920:2929:2945:2954:2999:3012:3021:3033:18:81:141:144:166:196:205:212:245:270:291:294:337:338:365:366:376:416:422:477:480:488:521:522:565:566:598:599:632:675:680:705:734:748:762:770:776:784:786:802:842:843:844:870:898:903:944:959:960:973:976:981:987:999:1034:1078:1092:1095:1121:1122:1141:1167:1174:1177:1213:1239:1263:1272:1298:1322:1337:1352:1380:1385:1391:1408:1421:1453:1514:1518:1552:1557:1568:1587:1591:1629:1667:1728:1735:1771:1787:1794:1798:1816:1916:1932:1941:1950:1975:2011:2018:2063:2070:2071:2077:2092:2103:2105:2117:2138:2156:2165:2234:2280:2337:2342:2350:2410:2417:2494:2505:2524:2571:2576:2583:2649:2655:2678:2688:2691:2712:2752:2786:2812:2815:2830:2850:2857:2882:2931:2935:2985:3024:8:21:27:34:37:43:47:84:93:107:128:151:170:178:202:206:210:269:297:302:304:312:384:407:440:457:474:478:496:586:587:596:600:607:622:683:702:730:743:769:774:795:822:841:863:885:886:905:947:975:1004:1005:1024:1029:1038:1045:1046:1105:1113:1139:1140:1142:1165:1166:1172:1190:1218:1237:1250:1264:1270:1271:1277:1289:1329:1330:1342:1353:1357:1386:1402:1437:1447:1456:1474:1482:1483:1521:1532:1578:1600:1606:1622:1641:1699:1732:1733:1734:1774:1791:1807:1815:1829:1833:1835:1880:1936:1942:1945:1994:2035:2038:2067:2079:2091:2119:2122:2227:2235:2236:2240:2258:2263:2275:2285:2313:2318:2320:2324:2325:2331:2375:2379:2413:2421:2434:2467:2489:2520:2543:2606:2650:2651:2690:2704:2732:2768:2774:2779:2795:2838:2880:2906:2948:2959:2961:2980:2995:3048:1:56:83:101:113:115:136:148:150:174:185:186:195:197:217:220:222:238:264:283:314:350:351:363:372:378:428:467:479:494:515:547:556:563:581:612:615:634:694:717:731:732:740:780:805:829:877:884:887:900:934:974:997:1007:1021:1083:1087:1098:1112:1115:1127:1156:1173:1184:1200:1211:1212:1232:1288:1306:1314:1427:1432:1441:1484:1507:1517:1523:1542:1581:1586:1624:1626:1639:1642:1659:1689:1696:1703:1756:1767:1793:1830:1845:1874:1900:1958:1972:1981:1998:2000:2023:2066:2108:2110:2151:2157:2183:2198:2237:2241:2312:2323:2339:2364:2371:2384:2397:2419:2465:2490:2502:2507:2509:2523:2535:2538:2573:2589:2596:2617:2621:2633:2644:2646:2736:2748:2773:2777:2784:2860:2899:2912:2921:2934:2953:2975:2994:3044:17:29:35:42:52:119:233:243:257:280:299:326:341:353:359:399:404:431:435:451:507:511:560:580:590:606:621:625:631:686:695:749:803:831:839:846:873:878:914:928:1020:1051:1217:1243:1245:1262:1282:1319:1325:1331:1335:1338:1373:1384:1428:1454:1458:1459:1472:1485:1487:1496:1500:1519:1540:1545:1550:1554:1561:1576:1635:1638:1673:1724:1736:1744:1748:1762:1828:1837:1853:1865:1901:1909:1930:1949:1970:1979:2005:2050:2107:2137:2178:2181:2201:2208:2223:2249:2259:2267:2269:2273:2288:2309:2322:2354:2358:2383:2418:2440:2529:2531:2537:2545:2557:2563:2616:2671:2769:2772:2780:2781:2811:2819:2836:2852:2856:2925:2967:2972:2984:3010:3031:3034:3036:3037:51:86:145:161:163:177:198:215:237:287:360:429:439:446:452:455:471:485:518:540:558:568:585:589:614:657:665:669:679:684:698:708:714:724:733:742:792:801:813:835:851:857:872:888:890:908:910:915:932:935:937:939:945:970:1002:1048:1052:1058:1069:1070:1118:1130:1144:1155:1181:1188:1224:1287:1299:1308:1310:1341:1387:1390:1404:1415:1418:1438:1469:1541:1551:1560:1588:1605:1666:1688:1690:1712:1763:1805:1821:1827:1843:1846:1864:1893:1895:1903:1912:1952:2016:2085:2089:2109:2111:2113:2126:2148:2166:2169:2184:2185:2203:2238:2279:2360:2373:2374:2446:2448:2506:2514:2518:2536:2553:2566:2588:2627:2656:2663:2681:2683:2706:2739:2766:2828:2839:2849:2872:2887:2898:2928:2939:2949:2979:2998:3020:6:14:38:44:124:167:199:249:279:292:309:322:342:358:390:393:395:401:421:461:470:481:487:498:503:508:510:550:552:554:572:582:611:618:633:637:661:668:688:789:933:971:983:985:1040:1072:1086:1147:1171:1191:1197:1219:1223:1233:1268:1278:1291:1318:1334:1359:1433:1567:1585:1594:1609:1616:1640:1654:1662:1669:1697:1707:1755:1780:1785:1795:1797:1817:1844:1870:1872:1875:1892:1931:1935:1973:2007:2120:2123:2128:2131:2134:2176:2205:2239:2277:2283:2284:2310:2345:2362:2363:2378:2444:2461:2474:2477:2478:2492:2516:2570:2572:2593:2597:2614:2645:2660:2662:2665:2674:2740:2745:2791:2794:2816:2821:2837:2891:2901:2915:2946:2952:2955:2956:2964:2992:3006:3007:3008:3019:3027:3030:3042:58:64:77:90:102:125:132:143:164:176:187:190:204:218:239:240:324:331:408:454:519:525:533:535:604:662:685:690:696:716:746:754:767:771:783:790:798:828:830:883:962:978:980:982:1006:1017:1018:1042:1061:1107:1110:1148:1199:1279:1295:1374:1475:1501:1526:1534:1535:1590:1601:1686:1711:1717:1739:1741:1779:1839:1851:1856:1857:1905:1937:1966:1993:2010:2012:2047:2064:2065:2076:2099:2114:2135:2141:2144:2171:2214:2242:2252:2254:2260:2276:2278:2287:2391:2401:2433:2452:2455:2482:2485:2508:2533:2551:2567:2585:2599:2635:2653:2659:2667:2672:2686:2694:2697:2702:2716:2718:2793:2810:2827:2870:2877:2883:2886:2894:2927:2986:2987:3016:3023:3038:3040:85:95:112:140:147:152:193:278:303:320:329:340:387:434:449:483:505:517:543:571:603:623:722:739:807:810:858:893:930:964:989:1044:1093:1126:1176:1201:1214:1301:1302:1343:1493:1546:1548:1553:1559:1570:1573:1592:1603:1652:1684:1747:1758:1781:1782:1789:1855:1883:1887:1906:1934:1969:1974:2020:2026:2036:2041:2068:2124:2152:2168:2180:2199:2211:2222:2248:2305:2326:2368:2385:2398:2404:2425:2430:2432:2459:2462:2471:2473:2496:2525:2552:2590:2594:2602:2632:2638:2640:2641:2676:2700:2722:2744:2757:2775:2787:2803:2847:2875:2978:3005:10:16:22:32:74:114:191:226:230:263:305:343:352:436:445:465:504:591:592:709:793:815:882:916:936:942:954:979:991:1000:1064:1085:1096:1103:1124:1137:1194:1210:1231:1260:1261:1323:1336:1344:1350:1362:1378:1435:1449:1471:1478:1480:1509:1513:1530:1555:1562:1564:1565:1598:1631:1643:1645:1653:1674:1679:1831:1886:1920:1961:1988:2017:2040:2044:2073:2133:2147:2213:2216:2245:2253:2390:2392:2498:2500:2548:2615:2631:2725:2730:2755:2761:2829:2848:2865:2879:2888:2890:2930:2942:2963:2970:2989:2990:36:46:98:108:121:127:135:137:162:241:275:286:288:327:369:374:385:530:578:697:700:736:765:796:811:818:837:927:941:965:966:1001:1063:1090:1109:1133:1160:1169:1203:1221:1222:1285:1303:1309:1356:1382:1401:1405:1413:1419:1430:1440:1464:1574:1620:1634:1651:1692:1818:1819:1836:1878:1882:1885:1894:1899:1957:1964:1985:1987:1997:2019:2022:2078:2118:2132:2155:2200:2209:2221:2225:2265:2291:2376:2394:2396:2408:2412:2423:2439:2451:2483:2484:2488:2554:2601:2618:2654:2669:2689:2709:2746:2778:2897:2916:2917:99:133:149:158:211:293:311:315:354:406:414:430:486:499:513:655:659:663:674:701:713:719:788:797:825:849:871:904:921:925:931:961:1082:1088:1123:1138:1293:1307:1348:1358:1361:1363:1365:1394:1400:1422:1442:1446:1543:1571:1572:1737:1768:1868:1910:1926:2025:2031:2051:2057:2087:2127:2304:2307:2338:2344:2416:2522:2607:2609:2613:2703:2705:2825:2833:2834:2893:2904:2907:2908:2982:2993:9:75:97:122:219:228:268:273:319:375:392:419:433:462:502:528:531:537:546:624:646:666:676:715:785:816:850:855:875:943:957:990:1055:1128:1168:1193:1206:1294:1311:1317:1369:1383:1450:1479:1492:1520:1566:1569:1604:1619:1646:1678:1721:1725:1766:1775:1812:1822:1873:1946:1971:2001:2048:2088:2170:2206:2219:2246:2274:2292:2321:2366:2377:2464:2512:2555:2612:2661:2693:2696:2711:2758:2923:2968:2969:2991:3002:49:153:179:244:348:357:381:418:448:576:627:636:660:677:759:763:821:880:892:967:1053:1152:1175:1236:1266:1276:1312:1392:1403:1409:1431:1488:1528:1612:1681:1745:1788:1814:1823:1825:1888:1918:1943:2009:2021:2046:2094:2101:2129:2186:2281:2296:2297:2406:2443:2544:2687:2707:2733:2734:2797:2799:2814:2868:2957:2958:2976:2996:3032:0:11:30:39:55:169:258:298:373:409:411:495:500:539:545:555:595:617:629:758:781:869:913:968:996:1010:1065:1150:1229:1297:1346:1412:1522:1718:1765:1826:1847:1944:1995:2049:2251:2306:2341:2359:2556:2587:2608:2789:2820:2943:2973:3001:3046:68:155:246:254:295:313:330:397:426:642:728:753:760:889:1008:1032:1097:1106:1207:1216:1355:1371:1416:1533:1536:1584:1602:1656:1723:1731:1740:1761:1769:1811:1879:1904:2027:2037:2055:2160:2179:2353:2534:2741:2764:2824:2900:2911:2918:2988:24:33:45:201:333:542:575:594:804:940:1120:1164:1248:1368:1455:1490:1752:1754:1790:1923:2013:2029:2082:2106:2174:2329:2352:2389:2595:2628:2760:2800:2924:2938:2966:2977:105:224:229:344:526:691:834:854:906:1111:1376:1467:1618:1683:1719:1778:2097:2261:2317:2351:2414:2454:2511:2626:2658:2864:3013:3047:13:88:336:570:706:711:764:866:958:963:1281:1345:1354:1364:1505:1650:1691:1962:2039:2255:2271:2476:2495:2798:2808:2902:3014:53:231:250:290:355:473:1425:1439:1549:1977:2034:2150:2388:2468:2657:2701:2863:469:664 -1:2:0:4:3:1:5:6 -1:0:2:1 -1:4:5:6:8:7:1:9:0:3:2 -1:2:1:0 [1:7] [1:12] [0.10000000000000001:35.880000000000003] [0.075566750629722915:1] [0:136.85714285714286] [0:131.32142857142858] [0:1] [0:1] [0:1] [1:28]
tree_sizes=38777

Tree=0
num_leaves=128
num_cat=93
split_feature=10 10 10 10 10 10 10 8 0 7 0 0 0 0 0 9 9 10 0 0 0 0 0 0 0 0 7 0 0 0 0 0 9 10 10 0 0 7 9 10 0 0 0 10 0 0 0 0 0 0 0 10 10 9 0 0 0 9 0 0 0 0 0 7 0 0 0 0 0 0 0 9 0 0 0 0 0 0 0 9 7 0 0 0 0 0 7 0 0 0 9 0 0 0 9 0 0 0 7 0 0 9 0 0 0 7 0 0 0 0 0 0 0 0 0 0 0 0 0 0 0 0 0 0 0 0 0
split_gain=1.02035e+07 1.31218e+06 1.08538e+06 153599 150701 115075 107253 53815.8 43749 45598.9 29274.1 28960.5 28761.3 26595.9 24969.4 23854.6 23722.8 22272.1 22203.8 21683.1 29209.1 23492.4 20513 35097.6 29818.4 21460.9 20001.5 26235.1 19708.6 17904.2 21511.6 17589.2 17234.9 16491.3 16271.7 15320.7 18467.5 15188.6 15143.3 15028.2 14470 19294.3 16038.8 14369.7 17367.2 14358.8 13079.4 13019.5 13590.6 12572.4 12049.8 11837.3 10659 10007.1 9954.65 11937.2 10728.4 9704.16 9630.59 9420.37 8996.85 9567.71 8385.49 8370.95 10583 8039.62 7904.06 7899.86 7744.99 7708.92 8496.67 7661.91 7554.19 6782.8 6748.32 8778.97 6740.28 8902.66 6344.38 6164.08 5987.21 5986.83 5876.91 7121.02 5874.78 5871.22 5799.72 5357.32 6687.38 6381.31 5291.27 5260.29 5384.04 5802.92 5252.29 5207.81 5107.9 5069.33 4831.9 4798.26 6563.11 4779.04 4767.53 4740.58 4698.91 4697.91 4620.21 4583.56 4561.72 9389.75 9483.77 7288.67 4851.69 4516.09 4327.2 4264.5 4342.69 4206.08 4108.49 3963.91 4518.03 4229.52 3901.66 3857.83 4811.2 3943.84 3856.5
threshold=0.7678571428571429 1.767857142857143 0.33928571428571436 1.1250000000000002 2.9464285714285716 0.5178571428571429 0.19642857142857145 0.97874541479192645 0 0.95000000000000007 1 2 3 4 5 0.78571428571428581 0.78571428571428581 1.4107142857142858 6 7 8 9 10 11 12 13 3.4500000000000006 14 15 16 17 18 1.2142857142857146 0.91071428571428592 0.62500000000000011 19 20 0.69500000000000006 4.7857142857142856 0.12500000000000003 21 22 23 2.1964285714285716 24 25 26 27 28 29 30 0.41071428571428575 0.2678571428571429 0.35714285714285715 31 32 33 0.35714285714285715 34 35 36 37 38 3.9650000000000003 39 40 41 42 43 44 45 0.2142857142857143 46 47 48 49 50 51 52 1.642857142857143 2.7000000000000006 53 54 55 56 57 0.69500000000000006 58 59 60 1.7857142857142858 61 62 63 1.9285714285714288 64 65 66 2.9000000000000004 67 68 0.2142857142857143 69 70 71 1.5200000000000002 72 73 74 75 76 77 78 79 80 81 82 83 84 85 86 87 88 89 90 91 92
decision_type=2 2 2 2 2 2 2 8 9 10 9 9 9 9 9 2 2 2 9 9 9 9 9 9 9 9 8 9 9 9 9 9 2 2 2 9 9 10 2 2 9 9 9 2 9 9 9 9 9 9 9 2 2 2 9 9 9 2 9 9 9 9 9 10 9 9 9 9 9 9 9 2 9 9 9 9 9 9 9 2 10 9 9 9 9 9 10 9 9 9 2 9 9 9 2 9 9 9 10 9 9 2 9 9 9 10 9 9 9 9 9 9 9 9 9 9 9 9 9 9 9 9 9 9 9 9 9
left_child=2 3 6 33 16 32 7 11 -6 13 -11 -1 -9 -10 -13 52 72 57 -14 -12 -21 -22 -16 -24 -25 -26 27 -20 -29 -30 -31 -27 51 101 79 -33 -37 -18 49 50 -32 -42 -43 76 -45 -44 -15 -47 -49 -23 -28 -4 -8 -19 -52 -56 -57 -5 -38 -46 -50 -62 -63 66 -65 -58 -60 -66 -67 -68 -71 -35 -3 -64 -51 -76 -39 -78 -70 -7 -59 -75 -61 -84 -82 -85 -55 -72 -89 -90 -48 -77 -93 -94 -36 -40 -86 -79 119 -83 -101 -2 -99 -104 -98 -87 -80 -69 -88 -110 -111 -112 -113 -105 -92 -108 -117 -109 -106 -73 -121 -122 -97 -74 -125 -126 -114
right_child=1 4 5 17 8 34 15 12 9 10 19 14 18 46 22 -17 37 53 26 20 21 38 23 24 25 31 39 28 29 30 40 35 -34 71 94 36 58 43 95 -41 41 42 45 44 59 47 90 48 60 74 54 -53 -54 86 55 56 65 80 63 82 61 62 73 64 67 68 69 107 78 70 87 98 123 81 75 91 77 97 106 -81 84 99 83 85 96 105 108 88 89 -91 114 92 93 -95 -96 122 104 102 -100 100 -102 -103 103 113 118 -107 115 117 109 110 111 112 126 -115 -116 116 -118 -119 -120 120 121 -123 -124 124 125 -127 -128
leaf_value=0 0 0 0 0 0 0 0 0 0 0 0 0 0 0 0 0 0 0 0 0 0 0 0 0 0 0 0 0 0 0 0 0 0 0 0 0 0 0 0 0 0 0 0 0 0 0 0 0 0 0 0 0 0 0 0 0 0 0 0 0 0 0 0 0 0 0 0 0 0 0 0 0 0 0 0 0 0 0 0 0 0 0 0 0 0 0 0 0 0 0 0 0 0 0 0 0 0 0 0 0 0 0 0 0 0 0 0 0 0 0 0 0 0 0 0 0 0 0 0 0 0 0 0 0 0 0 0
leaf_weight=55725 728063 26192 12245820 585358 118491 13079695 15533034 44622 280966 1834106 91774 80077 51247 741179 86684 800801 595805 339539 1094422 218687 246174 149401 177477 191149 170277 162324 45478 1271265 64775 106664 86062 163437 457276 551271 14480535 223220 138811 21792 670077 9202200 148405 138184 154076 58093 56243 155326 178430 193619 1213495 141808 61116 15688307 13476371 214031 102406 119309 1025819 5724664 152466 47244 1365812 1164980 153382 174654 195763 114687 204583 152300 115791 271379 207499 42757 15503 946508 234400 167964 47919 39967 848719 128406 35431 137280 79249 82809 52029 2018710 17628 299812 335550 6807027 1200669 202496 265790 8033042 135193 544492 69735 49074 7754714 219537 8028857 11394817 62227 72182 81225 7333781 104850 205618 59573 85199 80606 69411 67178 8688181 1429339 132001 21564375 7048967 7446966 76254 88379 5750260 7090696 24931 24880 666901 11102837
leaf_count=55725 728063 26192 12245820 585358 118491 13079695 15533034 44622 280966 1834106 91774 80077 51247 741179 86684 800801 595805 339539 1094422 218687 246174 149401 177477 191149 170277 162324 45478 1271265 64775 106664 86062 163437 457276 551271 14480535 223220 138811 21792 670077 9202200 148405 138184 154076 58093 56243 155326 178430 193619 1213495 141808 61116 15688307 13476371 214031 102406 119309 1025819 5724664 152466 47244 1365812 1164980 153382 174654 195763 114687 204583 152300 115791 271379 207499 42757 15503 946508 234400 167964 47919 39967 848719 128406 35431 137280 79249 82809 52029 2018710 17628 299812 335550 6807027 1200669 202496 265790 8033042 135193 544492 69735 49074 7754714 219537 8028857 11394817 62227 72182 81225 7333781 104850 205618 59573 85199 80606 69411 67178 8688181 1429339 132001 21564375 7048967 7446966 76254 88379 5750260 7090696 24931 24880 666901 11102837
internal_value=-0.0294949 -0.0167306 -0.0374895 -0.0220698 -0.0103484 -0.0319563 -0.04068 -0.0417806 -0.00766292 -0.00751152 -0.00654951 -0.0393936 -0.0426134 -0.0125069 -0.0395085 -0.0381811 -0.0135477 -0.0193448 -0.0426491 -0.00716084 -0.00703699 -0.00681317 -0.0396369 -0.0397587 -0.0399882 -0.0402102 -0.0426828 -0.0412664 -0.0407396 -0.0402082 -0.0403277 -0.0403898 -0.0341958 -0.0247581 -0.0296712 -0.0405502 -0.0407019 -0.013206 -0.0065974 -0.0433878 -0.0404969 -0.0406224 -0.0408143 -0.012955 -0.0116182 -0.0409849 -0.0113347 -0.0411572 -0.0413238 -0.00799526 -0.044041 -0.0343534 -0.0384161 -0.0177677 -0.0440893 -0.0441404 -0.044213 -0.0207011 -0.0408988 -0.0114535 -0.0415163 -0.0411016 -0.040596 -0.0410122 -0.0421901 -0.0442877 -0.0399057 -0.0424698 -0.0440933 -0.0401174 -0.040365 -0.0236057 -0.0222215 -0.0401039 -0.00775762 -0.00758525 -0.0143953 -0.0143277 -0.0441587 -0.0309431 -0.020426 -0.0402754 -0.0113334 -0.0112461 -0.0195142 -0.0111207 -0.0175221 -0.0406737 -0.0408948 -0.0412022 -0.0128939 -0.00732706 -0.00715392 -0.00695735 -0.0285217 -0.00504981 -0.01942 -0.0142121 -0.0233734 -0.0398495 -0.0400039 -0.026114 -0.014132 -0.0140455 -0.019313 -0.0110033 -0.0442184 -0.042732 -0.0173701 -0.0173309 -0.0172275 -0.0171024 -0.0169949 -0.0139478 -0.0123287 -0.0440773 -0.0441259 -0.0429125 -0.0191933 -0.0244442 -0.0243344 -0.0241763 -0.00542072 -0.0212767 -0.0207422 -0.0199638 -0.0169129
internal_weight=2.49975e+08 9.62696e+07 1.53706e+08 5.24179e+07 4.38517e+07 5.62152e+07 9.74903e+07 6.76801e+07 2.384e+07 2.37215e+07 1.98909e+07 1.75048e+07 5.01753e+07 3.83058e+06 1.74491e+07 2.98102e+07 2.00117e+07 2.60314e+07 5.01306e+07 1.80568e+07 1.7965e+07 1.77463e+07 1.7369e+07 1.72823e+07 1.71048e+07 1.69137e+07 5.00794e+07 1.66426e+07 1.55482e+07 1.4277e+07 1.42122e+07 1.67434e+07 2.83914e+07 2.63865e+07 2.78238e+07 1.65811e+07 1.64176e+07 1.92533e+07 1.75002e+07 3.34368e+07 1.41055e+07 1.40195e+07 1.38711e+07 1.86575e+07 9.67613e+06 1.37329e+07 3.54962e+06 1.35788e+07 1.34235e+07 9.1949e+06 2.42346e+07 2.79341e+07 2.90094e+07 1.2036e+07 2.41891e+07 2.4128e+07 2.40256e+07 1.39954e+07 1.61944e+07 9.61804e+06 1.32299e+07 1.20164e+07 1.06505e+07 1.60556e+07 7.7773e+06 2.39062e+07 8.27832e+06 7.60265e+06 2.28804e+07 8.12585e+06 7.92127e+06 1.42636e+07 758407 9.48556e+06 9.0455e+06 8.90369e+06 8.98134e+06 8.95955e+06 2.27657e+07 1.32081e+07 1.341e+07 9.33218e+06 9.56179e+06 9.51455e+06 7.68539e+06 9.4353e+06 1.16965e+07 7.64989e+06 7.44239e+06 7.14258e+06 2.80844e+06 8.66929e+06 8.50133e+06 8.29883e+06 1.46157e+07 8.30526e+06 7.64996e+06 8.91163e+06 1.37124e+07 8.38567e+06 8.24839e+06 1.21229e+07 8.87166e+06 8.82259e+06 7.59793e+06 9.35249e+06 2.26499e+07 7.40688e+06 1.14824e+07 1.14648e+07 1.14052e+07 1.132e+07 1.12394e+07 8.76036e+06 2.63001e+06 2.18012e+07 2.16964e+07 7.25458e+06 7.52819e+06 5.95765e+06 5.91489e+06 5.83864e+06 7.63519e+06 732215 716712 691781 1.117e+07
internal_count=249975095 96269589 153705506 52417925 43851664 56215232 97490274 67680068 23839981 23721490 19890907 17504799 50175269 3830583 17449074 29810206 20011683 26031410 50130647 18056801 17965027 17746340 17368997 17282313 17104836 16913687 50079400 16642649 15548227 14276962 14212187 16743410 28391403 26386515 27823829 16581086 16417649 19253276 17500166 33436751 14105523 14019461 13871056 18657471 9676129 13732872 3549617 13578796 13423470 9194901 24234551 27934127 29009405 12036002 24189073 24127957 24025551 13995408 16194429 9618036 13229851 12016356 10650544 16055618 7777302 23906242 8278316 7602648 22880423 8125850 7921267 14263635 758407 9485564 9045500 8903692 8981342 8959550 22765736 13208101 13410050 9332182 9561793 9514549 7685386 9435300 11696463 7649888 7442389 7142577 2808438 8669292 8501328 8298832 14615728 8305265 7649955 8911631 13712364 8385674 8248394 12122880 8871664 8822590 7597926 9352491 22649945 7406885 11482432 11464804 11405231 11320032 11239426 8760363 2630008 21801226 21696376 7254585 7528191 5957650 5914893 5838639 7635188 732215 716712 691781 11170015
cat_boundaries=0 95 187 283 374 470 561 656 744 838 934 1029 1120 1210 1304 1398 1492 1587 1683 1773 1866 1959 2049 2145 2238 2333 2423 2518 2610 2705 2798 2893 2988 3081 3175 3268 3363 3453 3545 3631 3727 3823 3917 4012 4106 4198 4292 4387 4481 4576 4669 4762 4857 4951 5046 5140 5232 5325 5416 5512 5607 5699 5789 5885 5980 6069 6164 6258 6346 6438 6532 6624 6719 6814 6908 7003 7093 7187 7282 7375 7468 7564 7658 7745 7837 7932 8026 8119 8214 8306 8401 8493 8586 8681
cat_threshold=2147483664 1 0 0 0 0 0 0 0 0 0 0 0 0 0 0 0 0 524288 0 0 0 4 0 64 268435458 134217728 32 0 0 0 0 0 33554448 0 0 0 0 0 0 0 0 1 0 1088 0 1024 0 2 0 0 1048576 0 4096 32 0 0 1 0 0 0 64 0 32768 0 0 0 0 16384 0 1048576 0 0 2 268435456 0 0 0 0 512 0 0 0 0 0 0 0 256 0 0 0 0 128 1073741824 64 16392 0 8388608 0 0 0 0 1 4194304 0 0 33554436 4 0 0 0 0 0 0 0 4 0 262144 0 0 0 0 0 0 8192 0 0 0 0 0 0 0 2048 0 32 0 0 0 0 1048576 0 131072 0 0 65536 131072 0 0 0 0 0 33554432 128 0 0 0 8388608 16384 0 524800 0 0 0 262144 0 0 8388608 0 262144 4 0 0 0 0 32768 0 268435456 0 0 1073741824 131072 0 0 0 0 0 4 0 65696 0 0 8388608 524288 0 2048 0 0 0 16 16777216 16 0 4096 0 0 8 0 0 0 0 2048 0 1048576 0 0 536870912 0 0 1048576 0 0 65536 0 0 0 0 0 0 268435456 0 0 0 0 33554432 0 0 0 0 134217728 0 0 0 0 524288 0 0 0 0 0 0 512 0 2 0 0 2359296 0 32 32768 0 2097152 0 0 0 0 0 0 0 0 1073741824 0 301989888 0 0 0 0 2048 0 0 0 0 0 256 0 8388608 33554432 0 0 0 0 0 4194432 0 0 2147484176 0 0 16777216 0 0 0 0 0 541065216 0 1073741824 0 0 0 2147483648 0 0 0 0 1048576 0 0 0 0 0 0 1 0 0 268435458 0 0 0 1048576 0 0 0 8388608 0 0 0 0 0 0 0 0 0 262144 0 0 0 2097152 0 0 0 0 2097152 0 67108864 0 32 4 67108864 0 0 0 0 32768 0 0 33554432 0 0 0 2097152 512 0 2097152 2097156 0 0 0 0 0 0 0 0 0 0 0 262144 0 0 16384 0 0 0 0 0 536936448 0 0 0 0 2147483648 0 0 0 0 0 0 0 0 4 4096 0 0 0 0 8 0 524288 536870912 0 0 0 0 0 0 0 0 0 0 0 0 0 0 0 0 0 0 0 0 0 0 0 0 0 0 0 128 0 67108864 0 0 268566528 67108864 0 0 0 0 0 0 0 0 0 0 128 0 0 0 0 0 0 32 0 0 4194304 0 131072 0 0 2097152 0 134217728 0 8388608 0 0 67108864 0 0 0 268435456 0 536870912 32 0 0 0 0 0 0 0 0 0 128 131072 2 0 0 0 0 524288 0 0 0 0 0 0 1048576 131072 0 0 0 16448 0 65536 0 65536 0 2151678080 1073741824 0 0 0 0 0 0 65536 0 0 0 0 1310976 0 0 0 0 0 0 16 0 0 0 33554432 0 0 0 0 0 32 0 0 0 260 0 65536 65536 0 0 0 16777216 0 0 0 0 0 0 16 0 0 0 0 0 0 262272 134217728 131072 0 2 1048576 524288 0 0 0 0 16 0 0 524288 0 0 0 0 8421376 0 0 0 0 536870913 0 0 0 0 0 16384 0 0 0 0 0 524288 4 0 0 0 0 0 0 32768 0 0 0 32 262144 0 2 4 0 0 0 0 0 0 2097152 131072 0 0 0 0 4096 0 0 2149580800 16777216 0 0 0 0 2097152 0 0 0 128 1048576 0 1 0 0 0 0 16384 0 0 0 0 67108864 524288 0 0 0 0 0 0 2 0 0 0 2176 0 0 2097152 0 0 0 1073741824 1048576 0 0 8192 0 0 0 131072 0 0 0 4 0 0 32 0 0 16384 0 513 0 0 33554432 0 0 0 32768 67108864 67108864 0 0 0 0 0 0 536870912 0 0 16 4194304 0 8 0 0 0 0 2 33554436 0 268435456 0 65536 4096 0 0 0 4096 0 0 256 0 0 2097152 0 8388608 33554432 16384 128 0 2097152 65536 0 536936448 0 0 0 0 0 0 0 0 0 0 2147483648 536870912 65536 0 65536 4194304 32 0 0 0 0 524288 16 0 0 0 0 0 0 0 0 0 0 0 196608 0 0 536870912 0 8388608 0 0 0 0 0 0 1048576 0 0 0 8 0 75497472 0 0 0 67108864 0 0 0 0 0 0 0 0 0 2097152 0 0 0 0 0 262144 33554432 0 0 0 134217728 0 0 135266304 0 0 0 8388608 0 0 2 0 0 0 0 2147483648 0 0 0 0 67108864 2147483648 0 0 0 1 0 0 0 545259520 4 0 268435456 0 0 0 0 0 0 0 67108864 0 0 0 0 2147483648 0 268435456 0 0 0 40 0 0 0 65536 0 0 0 0 0 2147483648 0 0 0 0 0 128 2097152 0 256 1048576 268435460 0 0 33554432 2048 0 262144 0 0 0 0 0 0 536870912 0 0 0 0 0 256 0 0 0 0 536870912 0 0 0 2048 0 33554432 0 0 0 16384 0 0 0 0 0 16 1 335544336 2147483648 1073741824 0 2147483648 0 0 0 0 0 0 512 4 4 0 1073741824 0 0 2147483648 0 0 0 0 0 0 0 0 0 256 0 0 0 1048576 8388608 0 0 0 16 134217728 0 0 0 0 0 0 0 134217728 0 0 0 4 8192 8 134217728 0 0 0 0 0 0 0 0 0 0 0 0 67239936 0 8192 0 0 0 536887296 0 0 128 4096 0 0 128 0 0 0 256 0 134217728 0 2147483648 134217728 0 64 0 134217728 0 262144 0 0 0 2147483648 2048 0 0 0 0 2048 0 0 128 2148532288 16 0 0 0 0 0 524288 64 0 512 0 32768 0 0 8 65536 0 16777216 0 4096 0 0 0 0 0 0 0 0 0 0 0 0 0 0 0 0 0 0 0 0 268435456 0 512 262144 0 0 0 0 0 0 8 268435456 0 0 2097152 1 0 0 33554432 16384 0 0 0 0 0 128 0 128 520 0 0 0 0 0 0 4194304 0 0 1 0 0 1048576 0 2048 2 0 0 0 524288 0 0 67108864 0 0 8396800 0 0 134217728 0 0 0 0 2 0 0 0 0 0 0 0 0 2048 4194308 33554432 0 0 0 34816 0 0 0 0 0 1 16777216 67108864 0 0 67109376 0 0 0 0 0 0 0 1 0 0 0 0 0 2048 0 8192 33554432 0 0 512 0 0 0 8192 16384 0 0 0 0 0 0 0 0 0 0 0 0 0 0 4 536870912 0 0 0 4194312 0 33554432 35651584 0 0 0 1 32768 524288 0 0 16 0 0 0 1024 2097152 0 134217728 8388608 0 0 0 0 32 0 16384 8192 0 0 0 0 0 0 1024 16 0 0 0 0 0 0 128 0 0 134217728 128 4097 0 0 0 0 1048576 0 0 1048576 0 0 0 0 0 0 0 0 8192 268435456 4 0 0 536871168 0 0 0 0 32768 0 0 2147483648 0 4 0 0 0 0 0 0 5120 0 0 0 0 33554432 0 0 0 0 0 0 0 0 0 0 0 0 0 16777216 0 0 4 0 65600 0 0 8388608 262176 67239936 0 0 0 0 0 0 16 0 0 16384 0 0 0 0 0 4096 2 0 0 0 0 0 64 0 0 0 0 0 0 0 1073741824 0 0 0 0 134217728 256 68157444 4096 0 0 0 1073741824 0 0 128 0 0 131072 32 0 0 0 0 16384 0 0 0 4194304 512 0 1 0 134217728 0 278528 0 16777216 0 0 32 0 0 0 128 0 64 0 0 0 0 0 536870912 0 0 32 0 0 0 67108864 8388608 0 0 33554436 0 0 0 0 0 0 0 4194368 0 64 0 0 0 0 0 0 4194304 0 134217728 0 512 0 0 16777216 0 0 0 0 8388608 0 262160 0 0 0 0 0 0 0 8388608 0 0 0 2048 0 0 0 0 0 0 0 0 131072 0 0 0 0 0 0 8192 0 0 0 0 1048576 0 0 0 0 524288 0 0 64 0 0 0 0 65536 0 0 0 64 0 0 1024 65536 524288 0 0 0 0 4096 0 0 0 0 16384 0 0 0 128 0 0 32832 0 0 1073741824 0 32 0 0 0 0 8 512 16384 0 524288 8192 0 0 32 8454144 0 0 0 134217728 0 0 0 0 0 0 8 16384 134217728 0 8 80 0 0 0 0 67108864 0 0 2048 0 536936450 0 0 0 528384 0 0 2 0 2147483648 0 1 1 2147483648 0 0 0 0 0 0 0 0 512 0 0 0 0 0 0 524288 0 0 0 512 0 0 0 0 2 0 0 0 0 262144 1048576 16384 41943041 0 0 0 0 0 0 65536 2048 16384 0 0 0 0 131072 0 0 0 570425344 0 0 0 0 0 0 0 0 0 16384 1024 65536 0 0 0 0 0 0 0 0 0 32 536870912 0 1048576 0 16 16777216 0 256 65536 0 0 0 0 0 0 0 0 83886080 0 0 327680 0 65536 0 134217728 0 0 0 0 0 0 0 4 0 0 0 524288 0 0 0 0 0 2151677952 0 0 16777216 0 0 0 0 0 0 0 0 0 33554944 0 0 0 0 0 0 0 256 0 0 262144 0 163840 0 0 134217730 0 0 0 1048576 0 0 0 0 8388608 268435456 0 128 0 0 2 0 0 671088640 0 0 0 0 0 0 0 8388608 0 0 536870912 0 1 0 2 0 2147483664 0 0 8 0 0 0 0 0 0 0 32 8192 0 0 0 0 131072 0 0 0 0 0 0 0 0 0 16 2097152 0 0 0 0 0 16777216 0 32770 0 0 0 0 16777216 0 0 67109920 0 0 0 0 128 0 131072 0 512 0 1024 0 32768 0 64 0 67108864 0 16 17039361 0 0 0 0 0 0 32 0 0 0 0 16384 16 0 0 0 8 0 0 0 0 0 0 0 0 0 0 32 0 65536 0 0 128 0 0 0 0 0 4194336 0 0 1 2097184 0 0 0 0 33554432 16384 2147483648 0 0 0 0 0 131072 0 524288 0 0 0 0 524288 0 0 32768 8208 0 32 0 67108864 0 8388608 65536 0 0 0 64 0 0 0 0 0 536870920 0 0 0 0 2147483648 0 0 0 0 0 0 0 131072 0 1024 0 65536 0 33554432 0 1073741824 262144 2048 0 0 0 0 0 2097152 32 64 16777216 0 64 0 0 67108864 0 0 0 0 0 0 0 8192 0 0 0 67108864 0 0 0 4194305 16 0 0 0 0 0 0 1048576 0 0 1610612736 0 16 0 0 0 0 16384 128 0 0 0 512 0 0 0 0 0 1140850688 0 0 0 0 0 0 0 2 0 16777216 0 1073741824 0 0 0 0 0 0 0 67108864 128 0 16 16448 0 0 65536 0 8192 1 0 0 0 0 0 0 256 512 0 0 0 128 0 0 0 0 0 393216 0 32768 0 134217728 2099200 512 0 0 262208 0 0 0 32 0 0 0 136315136 536870912 0 0 0 512 16777216 0 16 0 0 0 0 0 0 0 0 0 8 0 0 0 0 0 0 0 0 0 1024 0 8 0 0 67108864 0 0 32768 0 0 4194304 4096 0 536870912 0 0 0 0 0 0 0 0 0 0 65536 0 0 8 0 0 0 4 0 0 0 0 0 0 0 0 0 67108864 0 0 8388608 512 2 0 0 64 0 0 65536 0 0 0 16384 16384 134217728 0 0 134217728 0 2147483648 128 0 0 0 0 0 0 0 0 0 0 0 0 0 0 8192 0 1241513984 0 65536 4 0 524288 0 4194304 0 0 0 0 16793600 0 0 0 0 0 0 134217728 0 0 0 0 2147483648 134217728 0 0 1073741824 0 0 0 0 0 128 0 0 81920 0 0 524352 0 0 8192 2147483648 0 67108864 0 2147483648 0 0 0 0 0 0 0 16384 0 0 0 0 524288 524288 0 65536 0 0 0 0 0 0 32 0 0 0 0 137 33554432 4194304 0 20971520 0 0 0 0 0 32768 0 0 65536 1073741824 0 0 0 0 0 0 8192 32 0 0 0 0 0 0 0 0 268435456 0 8 0 0 16384 0 1048576 0 0 67108864 0 0 0 0 0 512 0 0 0 0 0 0 8454144 1280 0 0 0 32768 0 0 64 0 512 0 0 16 0 0 0 0 0 2097152 0 0 0 0 0 0 0 16 0 0 0 0 1 0 0 0 524288 0 0 0 0 0 128 0 64 0 0 0 0 0 0 4194432 0 0 8389120 65536 0 4194304 0 0 0 0 0 0 4096 2048 0 67108864 32 0 16 0 0 0 0 0 0 1 2097152 0 0 33554432 67108864 0 32768 2147483648 0 0 2048 4 33554432 16777728 0 0 0 0 0 16384 536870912 0 0 0 0 0 0 1 0 0 0 64 0 1024 1073741824 0 532480 0 0 0 0 0 0 0 0 0 16 0 0 2048 0 0 0 0 0 0 0 0 0 0 8192 0 0 0 0 0 0 0 16781440 2097152 0 1048832 8388608 0 4 0 4096 0 0 0 64 0 0 8 0 0 0 0 0 0 0 16777216 64 0 262144 4 0 0 0 0 0 0 67108864 0 16 0 1 0 16777216 32768 8388608 0 256 0 0 2097152 4 0 0 16777216 0 0 0 0 0 1024 0 0 0 0 0 16777216 0 0 0 0 0 64 67108864 0 0 132 0 8 0 0 0 32768 0 0 0 0 32768 0 262144 0 131072 262144 0 0 0 0 0 0 0 268435456 32 0 65536 8192 0 0 0 0 16896 0 1024 0 0 16 0 0 0 0 0 33554432 2105344 0 0 0 0 512 0 0 0 1048576 8388608 0 128 0 512 0 0 0 131072 0 0 1048576 0 0 16 0 0 262144 0 4194304 0 0 0 536870912 0 0 0 32 524288 0 0 32 131072 0 0 0 0 0 0 134217728 0 0 0 0 0 2097152 0 0 32 8 0 0 0 0 32768 0 0 0 0 1073741824 0 0 0 0 0 0 1073741824 0 0 0 0 0 0 268435456 2048 0 1 0 0 0 131072 0 0 0 3145728 0 1 130 0 2147485696 0 0 2048 0 0 0 0 0 0 262144 256 0 32768 4096 0 0 8192 0 16 2048 8388608 0 262144 0 2048 16384 0 524288 8 0 0 0 0 0 0 0 0 4194304 524288 0 0 0 2097152 3221225728 0 0 0 33554432 512 0 0 2113536 0 0 0 0 0 0 0 4194304 0 0 0 0 64 0 0 2 0 0 0 0 0 2147483904 16777216 32 0 0 1048576 0 0 0 0 0 0 1 0 0 0 0 0 0 16384 0 0 0 0 0 1048576 0 0 0 0 65536 0 4 0 0 0 16384 0 0 0 0 0 0 0 0 0 0 0 0 0 0 0 0 128 0 268435456 135266304 0 0 0 64 0 0 32768 256 0 0 0 134217728 0 0 1048576 2147483652 0 0 0 0 0 1073741824 2147483648 0 0 0 0 32768 0 0 4096 0 0 0 8388608 67108864 65536 1073741824 0 80 0 2147483648 1081344 4194304 0 0 0 0 0 0 0 536870912 0 0 0 0 0 0 33554432 2147483648 0 0 0 32768 0 4 512 0 0 0 0 0 0 0 16384 0 0 256 0 8 0 0 0 8388608 0 0 1 1048592 65536 0 0 2147483648 8 0 8 0 0 0 0 0 0 0 0 0 256 0 0 0 0 0 0 0 0 0 0 268959744 0 0 0 0 4096 0 0 262144 0 0 0 0 32 0 16384 33554432 0 0 0 0 0 0 0 8 0 0 1 0 16384 0 0 0 0 0 8192 67112976 0 0 0 0 0 2 512 0 0 0 0 512 0 64 1024 0 0 268500992 16 256 0 16384 4096 0 0 0 0 1 0 0 134234112 0 32 0 0 4194304 0 0 0 0 32 0 0 0 0 0 0 0 0 2048 0 0 128 0 67125248 0 0 0 0 0 0 0 0 100663296 0 0 0 8192 0 0 0 0 16 0 553648128 0 0 0 0 0 0 0 0 2048 0 0 0 0 0 0 0 0 0 138412032 0 0 0 18 0 0 0 0 0 8192 0 524288 32 0 276824064 0 4194320 0 0 1024 0 133121 0 0 0 0 0 16384 0 0 8 1048576 0 33554440 0 4096 0 0 2048 0 0 0 0 0 0 0 16777216 4194304 0 0 0 0 0 0 0 0 0 2048 0 0 0 4194304 0 0 0 0 0 0 0 2147483648 0 0 0 512 0 2048 0 8192 2097152 0 16384 2097152 0 0 0 0 0 2097152 33554432 130 0 0 0 0 0 0 0 1 0 0 16777216 0 0 0 0 2048 0 4194304 0 0 32896 131072 0 0 8388608 0 0 0 0 0 2147484672 0 0 0 0 0 83951616 67108864 0 0 0 0 0 0 0 0 67109376 0 0 0 0 524288 67108864 0 0 0 0 268435456 0 0 4 0 0 536870912 0 1 0 524288 0 0 32768 0 268435456 0 0 0 268435456 0 0 512 0 2147483648 0 0 0 0 2147483648 1048576 2097168 0 0 0 0 33554432 0 0 0 0 0 0 0 0 0 4194304 0 0 0 0 0 2 0 0 65544 4194304 0 16385 0 128 1048576 67108864 65536 16777216 0 0 0 8 0 0 0 0 0 0 256 0 0 0 524288 0 67108930 0 0 0 0 0 33554432 134217728 0 0 0 0 8388608 0 0 0 0 1 1 16 0 0 0 0 0 0 0 512 0 0 0 327681 0 0 0 0 0 64 0 2048 67108864 0 0 0 0 0 524288 0 0 0 0 0 0 0 0 0 0 1048576 2 0 0 0 0 0 0 131072 0 0 0 1073741824 134217728 0 0 1073741824 0 0 0 0 16777216 0 0 0 4096 0 0 0 0 8388608 0 128 0 0 1082130448 524288 65536 0 0 0 0 1073741824 2 0 0 0 0 0 0 262144 1024 4194304 0 0 0 0 0 0 0 0 0 0 0 2147483648 8192 0 0 128 0 0 0 0 8192 8388864 0 0 0 0 2113536 0 256 262144 0 0 0 0 0 0 0 131072 32768 2048 0 0 268435456 0 0 268435456 4194304 0 0 0 1 0 0 4 0 8192 0 65536 0 0 4096 8192 67108864 0 0 0 65536 4 65536 0 4 0 256 0 0 0 0 0 0 33554432 0 0 0 1048576 0 0 0 512 0 0 0 8192 0 0 0 0 536870912 536870976 0 0 0 536870912 0 0 0 0 524288 131072 0 0 0 268435456 4 8192 0 4194304 0 0 0 0 0 4325376 0 0 0 0 0 33554432 0 8192 0 0 16777216 0 0 0 0 0 0 0 0 536870912 4194304 0 33554432 0 16 0 4 0 0 1073741824 20 0 0 0 0 4096 0 0 2048 0 0 0 33554432 2048 0 0 0 0 0 0 0 134217728 536870912 1024 0 4194336 0 4096 0 0 0 1048576 0 0 0 0 0 0 16 0 0 0 128 0 4096 0 0 0 0 0 0 0 33554432 2147483648 0 0 0 1048576 32768 1024 32768 0 268435456 0 0 1073741824 0 0 0 268435464 0 0 0 2097152 0 0 524288 0 67108864 0 256 32 0 0 0 0 0 0 32768 0 0 0 0 0 524288 0 0 16777216 524288 0 0 0 0 0 0 0 0 0 0 0 0 16777216 0 0 0 8388608 0 0 67108864 0 0 0 4096 0 0 16 0 8192 0 0 2 0 0 0 0 0 524288 0 1073741856 128 0 0 16777216 0 4 0 16384 0 0 0 0 0 536870912 16777216 0 0 512 4194304 0 2 0 0 0 0 32768 0 16777216 2048 0 4096 256 0 1 64 8 0 0 0 0 2147483648 0 0 256 0 0 0 0 0 0 134217728 1048576 0 16 0 536870912 0 0 0 0 0 0 33554432 128 0 0 16777216 0 0 32768 0 1073741824 2 0 0 0 0 0 0 0 1024 0 0 0 524288 16781312 0 0 0 0 0 0 0 8192 528 0 0 0 0 1 0 0 4096 0 0 0 16384 1 0 0 0 0 131584 0 268435456 0 0 0 0 0 0 0 0 0 512 0 8 0 4 2 0 0 16 32 2147483648 0 0 0 0 0 0 0 0 0 0 2048 0 0 0 1073741824 2 0 0 0 2 0 0 0 0 0 0 32 16 0 0 0 0 0 262144 0 0 0 0 66560 0 4194304 0 0 0 33554944 0 0 0 0 0 0 0 0 0 33554432 0 0 134217728 0 2097152 4096 0 1 0 0 0 0 0 0 301989888 0 0 553648128 0 0 0 0 0 268435456 536870928 0 0 2359296 0 65536 0 0 8192 2097152 0 0 0 0 0 0 32768 0 0 0 0 0 0 0 0 1024 0 0 0 0 0 0 0 0 131072 0 0 16777216 0 0 0 8 8192 32 0 0 0 0 0 0 0 0 0 0 0 32768 0 2097152 0 0 0 32 4096 0 0 0 0 0 0 0 0 2147483712 0 16384 8192 0 0 0 16384 128 0 65536 0 142606336 8388608 4194560 4194816 0 0 0 2097152 0 262144 0 0 8192 0 0 0 0 262144 0 0 131072 66048 0 67108864 0 0 2147483648 33554440 262148 1024 0 8388608 0 0 0 4194304 0 0 0 1024 0 98304 0 1048576 0 0 0 0 0 2097152 0 0 0 0 0 0 0 1 0 0 16777216 0 0 0 0 0 0 0 0 134217728 0 0 0 0 0 0 0 0 0 0 0 0 0 0 0 8192 0 0 0 0 256 67108864 0 0 0 8388608 262272 0 0 0 0 33554432 0 0 0 16 262144 64 128 4 0 32768 0 16777216 0 8 1073741824 2560 81920 0 0 0 1 512 0 0 0 0 0 0 33554432 4 0 0 0 256 0 0 0 268435456 65536 0 0 4096 0 0 512 2147483648 536870912 0 0 8192 0 0 1073741824 0 0 0 0 0 0 0 0 0 67108864 131072 0 0 0 0 0 0 0 0 0 8388608 128 0 0 0 0 0 0 0 0 0 2147549184 0 0 4194304 4194304 0 0 1048576 0 0 0 0 268435456 0 16384 2147483648 0 256 0 0 0 67108864 0 0 2048 0 262144 0 0 8 0 256 0 1073741824 0 0 0 1 0 0 2621440 0 0 0 0 0 0 0 0 201326592 16 33554432 0 0 256 65536 16777216 512 0 4194304 0 32768 0 0 131072 536870912 0 0 0 0 0 0 0 0 0 6146 1 1 0 0 16384 0 0 0 0 0 0 2048 0 0 4096 0 0 0 0 0 0 0 0 0 16384 0 0 0 0 0 0 0 0 65536 0 0 0 0 256 1073741824 0 1 0 0 0 0 0 1048576 4194304 0 0 32768 0 0 0 0 0 0 0 0 4194304 0 4 0 64 0 0 32 0 0 0 0 0 33554432 0 262144 0 0 0 0 0 0 1 0 0 0 0 0 0 0 0 0 0 0 0 1 0 1 0 0 128 0 1073741824 0 0 1048576 0 0 16384 0 1049088 536870922 0 512 134217728 0 0 2 0 0 0 0 262144 0 0 0 65536 67584 0 0 2097152 32768 0 0 64 2 0 0 8388608 0 16777216 0 0 0 0 0 0 302252032 0 8 0 262144 0 32768 0 0 0 65536 268435456 4194304 0 0 4096 0 0 0 0 0 0 512 0 0 8388608 0 0 0 0 0 32768 0 0 524288 0 268435456 0 768 268435456 1 0 0 8 0 0 0 0 0 0 0 0 0 0 0 0 128 8388608 0 0 0 0 0 16 0 0 0 0 16777216 0 0 0 0 67108864 8388608 0 0 134217728 0 0 0 18874368 0 0 0 0 0 128 0 0 0 0 0 128 1 0 0 4 0 0 0 0 0 2147483648 0 0 0 0 0 67109888 262144 0 0 524320 0 0 0 8 16777216 131088 67108864 0 0 0 536870912 0 0 16 0 0 0 0 0 0 0 128 0 0 0 8 0 0 67108864 0 0 0 0 0 0 0 0 0 0 32 0 0 0 0 0 2 0 67108864 8192 33554432 0 0 0 0 0 0 131072 134217728 2097152 1081344 2097152 0 33554432 64 65536 0 0 16 0 67108864 0 514 0 0 0 134217728 0 0 0 0 0 0 0 131072 0 16 8192 0 0 0 4096 1073741824 2097152 0 0 0 0 0 64 0 4194304 0 0 0 0 0 0 0 0 524288 0 0 0 0 0 0 1048576 0 0 138936320 0 0 0 134217856 0 0 0 0 0 536870912 0 0 0 0 0 2 0 17301504 134217728 0 0 0 0 0 0 0 2 0 32768 0 0 2048 0 0 0 1 2048 0 0 0 0 0 0 0 0 0 0 0 0 0 0 0 1048576 0 256 0 0 0 4 33024 0 0 0 0 0 0 0 0 129 0 12582912 0 4194304 0 0 0 2097152 0 35651584 0 0 65536 0 0 0 0 0 0 0 67108864 0 1 64 1 0 16777216 1048576 0 0 0 4194304 4 0 64 16384 0 1048576 0 0 0 0 65536 0 0 0 0 0 0 268435472 0 0 0 65536 256 0 0 0 0 536870912 0 1 2097152 0 0 8 0 0 0 0 0 0 131072 0 0 0 8388608 524288 524288 0 0 0 524296 0 66 8388608 0 0 1024 0 0 0 8 0 0 0 16777216 0 0 0 0 0 32769 0 0 0 0 0 0 0 0 16 0 8192 4 0 0 33554432 0 0 0 0 1073741824 0 0 8 0 0 128 0 0 0 8192 0 0 0 1056768 0 0 0 0 0 8 0 0 0 8388608 0 0 268435456 0 0 0 0 134217792 0 0 0 0 0 0 33554432 0 0 0 1024 0 0 0 0 1073741824 0 0 0 0 1073741824 0 0 0 131072 4194304 0 33554432 0 0 0 0 0 524288 0 0 0 2147483712 0 2147483648 0 0 0 0 64 0 0 2097152 2048 0 0 0 0 0 1048576 131072 0 0 0 0 0 0 0 2 0 8192 0 0 524288 0 0 16384 0 0 0 268697600 0 0 0 4 17301504 0 0 0 1048576 2048 0 0 8 8 0 0 2147483648 4210688 4202496 0 0 0 2097152 0 0 0 0 0 128 0 0 0 0 0 0 0 0 0 0 0 0 0 2097152 1073741826 0 16384 0 0 0 8388608 0 257 262144 65536 0 0 33685504 0 0 1048576 0 0 0 0 16384 0 0 0 0 0 134217728 256 2048 0 0 0 0 0 0 0 0 131072 0 262144 8 0 0 0 0 0 0 0 0 0 4 0 0 0 512 0 0 10240 1073872896 0 0 0 0 0 0 65536 0 67108864 131072 0 0 0 0 0 0 0 1048576 0 8 4096 16384 0 0 0 128 8388608 16384 65536 0 0 0 6 524288 0 268435456 0 2 0 0 64 0 0 0 0 65568 0 0 0 0 0 0 0 0 64 0 0 0 67108864 0 0 0 0 16384 0 0 0 0 0 0 8388608 0 0 32768 0 0 0 0 0 0 0 0 0 2 16 0 4 67108864 0 536870912 0 8388608 537149440 0 0 0 0 65536 0 0 0 0 0 262144 1073741824 0 2048 0 0 0 0 0 0 0 0 163840 0 0 0 0 0 2097152 1073741824 0 0 0 0 0 0 32768 0 0 0 0 0 0 0 8454144 0 4096 536879104 0 0 0 0 33619968 524288 524288 0 0 0 0 0 0 0 0 0 16777216 0 0 0 1048576 0 2166784 67108864 0 0 0 0 0 0 0 0 0 0 536870912 256 0 0 0 8192 0 0 301989888 0 0 0 1107296768 0 0 0 0 0 536870912 0 512 256 0 0 33554432 0 0 0 0 0 0 0 0 0 0 0 0 8388608 0 0 0 0 64 0 0 67108864 0 0 0 0 0 67108864 0 0 0 0 0 0 256 0 1179648 33554432 0 0 0 0 0 0 0 0 0 0 2147483648 8388608 0 0 65552 0 0 0 1073741824 0 32832 0 0 0 0 16777216 64 17408 0 1048576 0 0 135168 2048 0 0 0 6292480 0 0 0 0 0 131072 0 0 0 8388608 0 0 0 536871424 0 0 0 8388608 0 128 0 0 16 0 0 0 0 0 16384 2048 0 2 0 0 0 0 65536 0 0 0 256 1024 524288 0 0 268435456 0 0 536870912 1073741824 0 0 0 0 0 0 0 536870912 0 0 0 0 0 0 0 0 0 0 0 32 4352 0 33554432 0 0 0 0 67117056 0 2147483648 256 0 24 0 0 128 4 0 268435456 1048576 0 33554432 0 0 512 0 0 0 0 0 0 0 0 268435456 1048576 64 0 0 0 256 0 0 1048576 0 67108864 0 0 0 256 0 0 0 32 262144 0 1073745920 0 2 0 0 128 0 8 0 0 0 0 0 2105344 2 0 1024 0 0 0 0 1 0 1572864 0 0 0 8192 0 2147483648 0 0 0 0 4 0 0 0 4194308 0 0 0 0 0 0 0 0 0 0 0 0 1048576 0 0 0 0 0 0 0 32 0 0 0 1073741888 0 32768 0 0 0 0 0 0 262144 0 64 16 0 8388608 0 0 0 0 0 0 0 0 0 0 0 0 0 0 4198400 0 0 0 0 0 0 8192 0 0 0 2 0 0 0 262658 0 0 0 0 0 536870912 139264 0 0 0 0 0 0 0 0 0 0 0 3221225472 0 256 0 32 0 0 0 1073741824 0 4096 1572864 0 33554432 0 1048576 0 0 0 65536 512 0 0 0 0 0 0 0 64 32768 16384 16778240 32768 0 4 0 0 0 0 0 0 0 4 0 268435456 0 16 0 0 0 262144 0 262144 0 0 0 0 0 0 0 536870912 0 0 2064 16384 0 0 0 0 0 2097152 0 0 2147483648 0 0 524288 0 0 0 0 0 0 69206016 0 0 1048832 0 0 4194304 0 0 0 0 0 4194304 1 0 8448 0 0 0 0 262144 0 17039360 67108864 536870912 0 0 0 0 0 128 0 0 0 0 0 32 4096 0 268435456 0 512 0 0 0 0 0 0 268500992 0 0 0 0 32768 0 0 16384 0 0 0 0 0 0 0 0 0 0 0 0 0 0 0 2415919120 134217728 0 0 0 0 0 0 0 0 0 0 0 268435456 0 4194304 0 262160 0 2147483648 0 0 0 33554432 0 0 0 268435456 512 0 32768 0 0 0 0 0 8388616 0 2048 512 0 2359808 0 16777216 268435456 1 0 0 524288 0 131072 512 0 134217728 0 0 0 0 1 0 0 0 0 0 0 262144 0 0 0 262144 0 64 0 8388608 0 2147483648 0 0 0 0 0 0 0 32768 0 0 0 2097152 0 0 0 262144 0 0 65536 0 0 0 0 0 16384 0 0 0 0 512 0 0 67141632 0 0 0 131072 0 0 0 0 0 268435456 8192 0 1073741824 0 65536 0 0 0 0 0 0 8192 2048 0 0 0 8192 0 0 0 0 0 0 0 32770 4 268435456 0 0 0 0 0 0 0 0 65536 0 65600 0 0 4 0 0 8 0 16 1024 268435464 4 0 0 0 4096 0 0 0 0 0 0 1024 0 0 0 0 0 0 64 0 0 0 0 2147483648 0 0 0 0 0 0 16384 524288 0 0 0 0 128 1024 524288 32 0 1 268435456 0 0 0 17825792 0 0 256 0 0 0 131073 0 0 4096 0 0 0 0 0 0 536936448 0 0 0 256 20 0 0 262144 0 0 0 0 0 0 0 0 262144 0 0 1024 8192 0 536870912 0 0 0 0 2052 16777216 0 0 4194304 0 0 33554432 0 1 524288 0 0 0 0 0 0 0 0 0 8388608 0 0 128 0 0 0 512 0 0 0 0 128 0 32768 0 0 0 0 0 0 0 0 524288 0 0 0 128 1073741824 0 0 0 0 0 2097152 64 0 0 512 16384 0 0 4096 16384 0 0 0 131072 134217728 0 33554432 0 2 32 0 0 1024 64 4 0 8192 0 4194304 0 0 0 0 33554432 1536 0 0 536870912 0 134217728 0 0 67108864 0 33554432 0 0 0 4194304 268435456 0 32768 0 0 0 0 1048576 34078720 0 16384 0 4 0 0 0 268435456 0 0 33554432 0 0 0 0 0 2048 0 285212672 0 0 0 0 32 1 0 0 0 0 0 67108872 0 0 0 256 0 0 0 0 0 0 0 8 0 0 0 1073741824 32768 0 4096 0 136 0 0 8192 0 0 0 8192 0 131072 0 0 0 0 0 0 8 0 0 0 0 0 0 0 8388608 2 0 0 0 128 524288 0 0 0 16 0 0 0 0 0 0 0 0 2097152 0 0 65536 4 0 0 33554432 2147483648 0 0 33554432 0 33554432 138412032 0 0 134217728 0 0 0 0 0 0 0 0 536870912 2147483648 0 0 64 0 0 0 0 0 0 32 0 0 0 0 1073741824 0 64 524288 0 0 0 0 0 0 0 0 0 0 67108864 0 0 4 0 0 0 0 0 49152 33554432 0 0 1073872896 65536 0 537001984 0 0 0 1073741824 33554432 2147483648 0 0 16384 0 0 0 0 2147483648 0 2048 0 33554432 0 4 0 0 0 0 0 0 1048576 1073872896 134217728 0 0 2048 142606336 0 0 0 0 512 2 0 1048576 0 0 0 0 1 0 0 0 0 0 0 0 0 16 0 0 0 0 0 0 2 8224 8388608 32 0 2 0 0 2147483648 256 0 0 0 2048 0 0 0 0 0 0 0 0 0 0 8192 0 2097154 0 0 0 1024 1073741824 0 0 262146 0 0 0 0 65536 0 0 0 0 128 0 2048 0 134250496 0 33562624 0 0 0 0 67108864 0 4 0 0 0 1 0 0 0 65536 0 268435584 0 65536 12 0 0 2097152 536870912 0 0 0 0 0 0 0 0 0 0 0 0 0 0 0 0 0 0 134217728 2 0 0 1073741824 16 0 4 0 8192 0 0 1024 0 0 0 0 0 0 0 0 0 0 0 0 0 0 1024 16778240 524288 2147483648 16384 67108864 0 0 0 0 0 0 0 4096 0 0 0 0 536871040 0 134217728 0 0 0 64 2 524288 0 0 0 32 0 0 0 524288 0 0 0 1074073600 1048576 0 0 1 268435456 0 0 0 16777216 0 0 0 0 0 0 0 256 0 0 65536 4096 0 0 0 0 0 0 67141640 0 0 0 0 0 0 524288 0 0 0 0 0 0 0 0 0 0 8389632 0 0 0 0 0 0 8388608 0 0 0 32 262144 33554432 0 2048 33554432 1048576 67108864 0 0 0 0 0 64 16384 0 0 0 0 16384 0 0 0 0 0 0 0 0 0 0 0 0 64 0 256 8421376 0 0 536870912 0 0 0 0 0 524288 524304 0 0 1073741824 0 0 0 0 0 0 0 0 262144 0 1056768 0 131072 0 0 0 0 0 2147483648 1048576 4 0 0 0 536870920 0 0 0 0 0 536870914 0 8388608 0 0 0 0 0 0 32 262144 0 0 0 32768 0 0 2048 0 278528 0 8 0 0 0 0 0 0 0 0 128 0 0 0 0 0 0 4 0 0 0 0 262144 4096 0 0 0 0 67108864 0 0 8 128 128 4 0 0 33554432 0 64 0 8388608 0 0 1048576 0 0 0 33554432 0 0 2097152 0 256 0 0 2048 4096 0 0 2147483648 0 0 0 0 16 4096 0 0 0 0 0 0 0 134217728 0 16384 16384 0 0 0 16 1 0 0 0 0 4 0 128 0 0 268435456 2048 0 0 0 0 0 0 8 0 553648128 0 0 65552 0 4096 262144 128 0 0 0 0 0 0 4194304 0 256 0 8 0 0 0 0 0 8388608 131072 0 0 0 262144 0 2162688 0 0 0 0 73728 0 0 16 0 0 0 0 0 0 268435456 0 0 0 0 0 0 0 0 0 4194304 0 0 1024 0 0 2 0 1073742848 0 67108865 131072 0 0 2147483648 0 0 0 0 0 0 0 0 0 0 0 256 0 0 0 0 0 8388608 0 0 0 0 0 2147483648 0 0 0 0 0 0 0 0 0 0 1024 134217728 1024 268567552 67108864 0 0 0 2048 0 0 0 131072 0 0 0 4 0 0 0 0 0 67108928 0 0 0 1024 8 0 0 0 0 32770 67108864 0 0 0 0 0 0 4194304 0 0 1 16384 0 256 0 0 0 0 0 0 0 1048584 0 33555456 1073741824 0 2 0 0 536870912 0 0 0 0 262144 0 0 0 1048576 0 0 0 0 0 0 0 0 0 0 268435456 0 0 0 0 0 8388608 0 1073741824 0 0 64 0 0 0 256 0 0 0 0 0 0 1 0 0 0 0 0 0 0 0 0 0 0 0 65536 0 0 0 32 0 2147483808 8388864 0 0 0 0 0 0 16777216 0 0 0 0 0 4 4096 4160 16793600 0 1048576 0 8192 0 0 0 0 0 1024 0 0 0 16 0 0 8 16 256 0 0 1024 0 536875012 0 64 512 1 0 0 0 0 0 0 0 0 0 0 0 0 0 0 1048576 0 524544 2 0 0 4 0 64 8388608 0 0 33554432 0 67108864 0 8 0 134217728 0 4194304 67108992 0 0 0 0 1 536870912 0 0 0 0 0 0 0 0 0 67108864 0 65536 0 0 0 67108864 0 0 524288 0 0 16392 0 0 128 0 0 0 4194320 0 0 0 0 2048 0 0 0 1024 8 0 0 0 0 2097152 0 268435456 0 0 67108864 0 0 0 0 0 0 0 0 0 0 0 0 0 0 524288 0 0 0 0 524288 0 0 0 0 8224 0 0 0 0 0 0 8388608 1073741856 16777216 0 0 0 0 0 64 4718592 2147483712 0 0 64 8 2147483648 0 0 0 8192 16777216 16 0 1 0 1073741824 0 64 1073741824 0 0 2147483648 0 0 0 0 0 0 0 0 0 0 8192 0 4194304 0 0 0 0 0 0 0 8585216 65536 0 0 0 0 0 1073741824 0 16384 2097152 0 0 0 0 8192 0 0 0 0 0 0 0 32 0 0 0 0 0 131076 0 0 2 128 8192 0 1024 0 0 2 0 0 0 262144 1048576 0 0 0 268435456 0 33587200 0 16777216 0 0 0 0 0 0 0 0 0 0 0 4096 50331648 0 0 0 32768 0 8 0 0 0 0 0 128 0 0 0 0 0 0 4 100663296 0 0 0 16384 536887296 0 0 0 0 0 0 0 0 32768 0 262144 1024 33554432 134217728 0 33554432 524288 67108864 0 1310720 0 0 4096 32768 0 0 0 0 0 16384 33554432 0 0 0 0 0 33554432 0 2097152 0 2048 0 0 0 0 0 0 0 0 0 0 0 2097152 0 524288 134217728 0 0 0 0 0 64 0 0 8192 0 32 9 0 2147483648 0 0 1048576 0 0 32768 0 0 0 0 0 0 0 8 0 0 0 0 1048576 0 0 0 0 262144 262144 0 0 0 1140850688 0 0 0 0 0 512 134217728 0 0 0 0 0 0 256 0 0 0 134217728 0 0 16 32 0 288 1073807360 0 0 2048 0 0 4194304 0 0 0 0 0 0 0 134217728 4259840 0 0 0 0 0 0 0 34078720 0 0 0 0 0 0 0 64 0 0 0 0 16777216 512 0 0 0 65536 0 0 0 0 0 0 0 0 0 0 262144 0 0 2 16 0 0 100663296 0 512 0 0 536870912 0 0 1073741824 1 2147484672 0 0 0 0 512 0 0 0 0 8389632 0 1048576 0 0 0 33554432 0 0 4 67108864 0 0 0 0 0 0 0 0 0 1073741824 0 0 0 0 0 0 0 0 2 0 0 0 0 1073741824 65536 0 0 0 131072 16 0 8192 0 0 33554434 0 0 0 0 536870912 4194816 67108864 0 262148 0 0 0 0 0 65536 0 0 0 0 0 32 0 1048576 2097152 0 64 0 0 0 40960 0 0 0 4 0 0 0 0 2 0 0 0 32768 0 0 16 131072 0 0 0 0 0 0 0 0 16384 0 4194304 0 0 0 0 0 0 0 0 0 0 0 2147483648 0 0 131072 0 2 33554432 0 0 0 0 2147483648 64 0 512 0 524288 0 0 0 0 262144 0 0 4096 0 67108864 0 0 512 0 0 0 0 0 0 2048 0 32 0 0 2 0 131072 262144 0 64 0 0 0 0 0 1048576 536887296 524288 0 16640 0 0 0 0 2097152 327680 0 0 0 256 0 0 0 2 0 32768 524288 0 138412032 0 0 64 0 0 0 0 0 0 0 262144 0 0 16384 0 0 0 0 262144 4096 536870912 0 1048576 0 2162688 2 0 0 0 0 0 1 0 8388608 134217728 4194304 0 0 0 0 1073741824 0 0 0 0 536870912 1073741824 1024 8388608 0 0 8192 0 0 0 0 0 262144 0 0 64 0 0 0 0 0 0 0 0 0 0 512 0 0 2176 8 0 0 0 0 1073741824 1024 0 0 0 0 0 64 0 32768 0 0 0 2 0 4194336 0 0 0 0 0 0 0 0 0 0 1048576 0 0 0 0 0 1342177280 0 16777248 0 0 16777216 131073 133 0 0 0 0 0 1 0 0 2048 0 33554432 0 0 1 0 0 0 0 1024 0 0 0 0 4194304 0 0 0 0 0 0 0 1025 0 0 8192 0 0 0 0 0 0 0 0 0 0 4096 262144 268435456 0 0 526336 0 512 268435456 0 1 0 0 0 0 0 0 0 8192 0 64 0 0 0 2048 2147483648 0 256 2048 0 0 0 128 0 32768 0 0 0 0 268435456 134217728 520 2147483648 16 1 33554432 67108864 0 0 0 0 0 0 0 0 67108864 0 0 0 0 536887296 0 0 0 0 0 0 0 0 1024 0 0 67108864 0 0 0 8192 512 0 0 536870912 0 0 0 0 1048576 0 0 262144 0 256 0 33554432 0 0 0 0 0 0 0 0 0 0 1025 0 0 0 0 0 0 0 0 0 4198404 0 8192 0 0 0 0 0 0 1073741824 0 0 0 524288 33620096 0 0 33554432 0 0 0 0 0 1048576 0 0 0 0 0 0 0 268435456 0 0 128 0 536870912 0 0 0 262144 67108864 1048576 0 524288 16777248 0 0 0 0 67108864 0 32768 0 0 4194304 0 4128 0 0 0 0 0 0 0 0 1024 0 2048 0 0 0 0 0 0 268435456 0 8454144 256 0 0 0 0 0 1073741824 0 0 0 0 0 16384 65536 1048576 0 0 0 0 0 262144 0 65536 0 0 0 0 512 16384 0 0 0 2 2147483648 0 0 4096 0 0 4 0 8 0 0 0 0 0 16777216 0 0 536870912 0 0 0 8388608 0 0 0 0 134217728 8192 0 0 0 33554432 0 0 0 0 0 0 0 16384 524288 16384 0 0 0 0 16 0 268435456 0 4 0 128 0 134217744 0 536870928 0 0 0 0 0 0 268435456 1024 0 1073741824 0 0 0 0 1048576 0 0 0 0 0 0 0 0 0 0 0 0 0 2 0 0 64 4096 0 0 0 0 0 33554432 0 33554432 2 128 0 134217728 0 4194304 0 0 0 0 0 0 524288 16777216 65600 0 0 0 0 0 0 0 0 0 512 0 2147483664 0 0 0 0 0 0 0 8 0 0 0 0 0 0 0 0 2105344 0 131072 0 0 25165824 0 262144 2097160 0 16777216 0 131072 0 2 0 0 2147483648 512 0 64 0 262144 0 536870912 0 0 0 0 0 17039360 0 0 0 0 0 268435456 8 0 0 0 0 1024 0 0 0 0 16 0 0 0 0 0 0 0 0 0 0 512 4096 0 0 1073741826 0 0 0 0 0 0 2147483648 0 128 134217730 0 0 0 0 4 0 0 0 0 0 1032 0 0 1048576 1073742848 524288 0 2 0 134217728 0 0 0 0 0 0 1 0 0 0 0 524288 4 0 0 512 0 0 524352 8388608 0 0 0 0 0 0 0 0 16896 0 536870912 0 0 0 0 536870912 2147483648 0 4096 0 0 0 0 0 67108866 268435456 1048576 0 0 0 0 0 128 0 0 1073741824 4194304 0 0 0 65536 65537 0 0 64 16 0 0 0 2 0 0 0 8192 0 0 0 0 0 0 0 64 0 268435456 2097152 0 0 0 131072 0 0 0 0 0 0 0 0 0 0 512 0 0 268435456 0 0 0 32 1280 0 131072 0 0 0 0 33554432 2147483648 8388608 0 0 0 262144 0 256 0 0 524288 0 0 0 0 0 0 0 2148007936 2048 0 0 0 0 131072 2147483648 0 0 0 32 0 262145 0 0 4 0 0 0 0 0 0 0 33587200 0 0 65536 0 0 0 0 0 1114112 0 128 0 65536 0 16777216 0 0 512 0 0 67108864 0 0 1048576 0 8 0 0 32768 0 67108864 0 0 0 67108872 0 0 0 0 16 0 0 0 0 0 0 0 0 65536 0 16 2048 0 0 67108864 1 0 0 0 0 0 134217728 0 16384 0 0 524288 268435456 0 65536 0 8192 0 0 0 0 67108864 2048 0 0 0 8 0 0 1 16777216 0 0 0 0 0 524288 65536 1024 16777216 1024 4 0 64 0 0 0 0 32 0 0 0 67108864 512 0 0 536870912 0 0 0 1024 0 0 0 0 0 0 0 268435456 0 268443648 0 0 0 0 0 0 0 0 0 0 0 0 0 0 0 1073741952 0 0 0 0 1048576 8 0 0 0 0 0 32 131072 4096 0 128 2147483648 0 4096 16777216 0 0 2 0 0 0 0 0 0 0 2097152 0 512 0 0 545259521 0 4096 0 0 65536 32 0 0 134217728 0 0 0 0 0 0 0 4096 0 4 262656 0 8192 0 0 0 0 0 0 4194304 65536 0 0 0 0 0 0 0 0 0 0 0 0 2097152 536870912 0 32768 0 65536 0 0 0 0 0 0 0 0 32 0 134217728
is_linear=0
shrinkage=0.05


end of trees

feature_importances:
item_id=93
roll_mean_28=14
roll_mean_7=11
sell_price=8
price_norm=1

parameters:
[boosting: gbdt]
[objective: quantile]
[metric: quantile]
[tree_learner: serial]
[device_type: cpu]
[data_sample_strategy: bagging]
[data: ]
[valid: ]
[num_iterations: 300]
[learning_rate: 0.05]
[num_leaves: 128]
[num_threads: -1]
[seed: 0]
[deterministic: 0]
[force_col_wise: 0]
[force_row_wise: 0]
[histogram_pool_size: -1]
[max_depth: -1]
[min_data_in_leaf: 20]
[min_sum_hessian_in_leaf: 0.001]
[bagging_fraction: 0.8]
[pos_bagging_fraction: 1]
[neg_bagging_fraction: 1]
[bagging_freq: 5]
[bagging_seed: 3]
[bagging_by_query: 0]
[feature_fraction: 0.8]
[feature_fraction_bynode: 1]
[feature_fraction_seed: 2]
[extra_trees: 0]
[extra_seed: 6]
[early_stopping_round: 0]
[early_stopping_min_delta: 0]
[first_metric_only: 0]
[max_delta_step: 0]
[lambda_l1: 0]
[lambda_l2: 0]
[linear_lambda: 0]
[min_gain_to_split: 0]
[drop_rate: 0.1]
[max_drop: 50]
[skip_drop: 0.5]
[xgboost_dart_mode: 0]
[uniform_drop: 0]
[drop_seed: 4]
[top_rate: 0.2]
[other_rate: 0.1]
[min_data_per_group: 100]
[max_cat_threshold: 32]
[cat_l2: 10]
[cat_smooth: 10]
[max_cat_to_onehot: 4]
[top_k: 20]
[monotone_constraints: ]
[monotone_constraints_method: basic]
[monotone_penalty: 0]
[feature_contri: ]
[forcedsplits_filename: ]
[refit_decay_rate: 0.9]
[cegb_tradeoff: 1]
[cegb_penalty_split: 0]
[cegb_penalty_feature_lazy: ]
[cegb_penalty_feature_coupled: ]
[path_smooth: 0]
[interaction_constraints: ]
[verbosity: -1]
[saved_feature_importance_type: 0]
[use_quantized_grad: 0]
[num_grad_quant_bins: 4]
[quant_train_renew_leaf: 0]
[stochastic_rounding: 1]
[linear_tree: 0]
[max_bin: 255]
[max_bin_by_feature: ]
[min_data_in_bin: 3]
[bin_construct_sample_cnt: 200000]
[data_random_seed: 1]
[is_enable_sparse: 1]
[enable_bundle: 1]
[use_missing: 1]
[zero_as_missing: 0]
[feature_pre_filter: 1]
[pre_partition: 0]
[two_round: 0]
[header: 1]
[label_column: 0]
[weight_column: ]
[group_column: ]
[ignore_column: ]
[categorical_feature: 0,1,2,3,4]
[forcedbins_filename: ]
[precise_float_parser: 0]
[parser_config_file: ]
[objective_seed: 5]
[num_class: 1]
[is_unbalance: 0]
[scale_pos_weight: 1]
[sigmoid: 1]
[boost_from_average: 1]
[reg_sqrt: 0]
[alpha: 0.005]
[fair_c: 1]
[poisson_max_delta_step: 0.7]
[tweedie_variance_power: 1.5]
[lambdarank_truncation_level: 30]
[lambdarank_norm: 1]
[label_gain: ]
[lambdarank_position_bias_regularization: 0]
[eval_at: ]
[multi_error_top_k: 1]
[auc_mu_weights: ]
[num_machines: 1]
[local_listen_port: 12400]
[time_out: 120]
[machine_list_filename: ]
[machines: ]
[gpu_platform_id: -1]
[gpu_device_id: -1]
[gpu_use_dp: 0]
[num_gpu: 1]

end of parameters

pandas_categorical:null
