tree
version=v4
num_class=1
num_tree_per_iteration=1
label_index=0
max_feature_idx=21
objective=quantile
feature_names=item_id dept_id cat_id store_id state_id wday month sell_price price_norm snap_CA snap_TX snap_WI price_momentum_7d price_momentum_28d lag_28 roll_mean_7_lag_28 roll_mean_28_lag_28 masked_roll_mean_28_lag_28 ema_lag_28 days_since_last_sale_lag_28 horizon_day target_wday
feature_infos=-1:778:2904:2928:1814:2072:2968:892:1678:1842:321:547:785:1037:1834:2019:2770:424:521:952:1025:1337:1644:2956:987:1031:1356:1412:1649:1745:1759:2115:120:289:378:667:827:842:972:1350:1398:1617:2403:2426:2541:2582:47:186:475:586:652:1011:1042:1229:1260:1672:1772:1924:2084:2238:2463:2588:2692:2947:8:18:132:405:484:622:1070:1629:1781:2268:2337:2532:382:554:593:676:958:1348:1363:1552:1695:1703:1783:1957:1969:2082:2149:2192:2220:2390:2552:2737:2825:89:143:160:252:265:339:494:619:628:647:691:745:786:833:902:1023:1408:1463:1845:1922:1977:2088:2305:2318:2454:2869:2944:2970:32:150:336:439:716:728:874:880:953:1089:1131:1207:1321:1529:1570:1841:1844:1853:2101:2184:2350:2369:2436:2482:2635:2642:2749:2772:2871:2997:2:140:331:443:447:562:638:658:810:828:869:884:901:1006:1158:1324:1341:1368:1375:1438:1455:1517:1555:1609:1611:1713:1780:1905:1934:1944:1994:2209:2246:2290:2492:2555:2562:2663:2701:2740:2745:2811:2925:2945:5:14:53:74:87:128:200:273:392:479:488:553:599:603:636:718:729:813:836:966:1034:1041:1330:1364:1497:1542:1693:1723:1761:1828:1877:1916:2110:2124:2302:2362:2640:2680:2798:2834:2838:2899:2949:2959:2971:2973:3038:181:231:234:335:444:532:567:570:625:694:755:763:766:807:814:848:964:969:1114:1194:1201:1241:1306:1372:1435:1485:1513:1623:1679:1696:1753:1771:2027:2053:2054:2127:2150:2166:2198:2216:2223:2256:2322:2340:2341:2352:2364:2487:2568:2731:2767:2808:2907:2914:29:102:133:179:323:325:367:379:500:540:564:583:589:642:649:693:699:711:732:844:854:916:921:940:1059:1072:1076:1148:1264:1285:1468:1506:1556:1564:1616:1668:1683:1691:1766:1775:1870:1935:1937:1973:2020:2037:2094:2182:2254:2278:2354:2379:2420:2442:2671:2703:2748:2762:2775:2779:2797:2831:2839:2919:2958:2969:2998:3008:3021:71:136:148:199:207:230:340:349:398:474:490:534:571:630:654:692:750:774:863:888:900:925:1029:1061:1066:1103:1220:1255:1262:1272:1294:1386:1405:1424:1453:1471:1507:1520:1559:1615:1636:1646:1719:1748:1756:1788:1851:1873:1880:1887:1910:1959:1992:2003:2028:2102:2189:2212:2233:2237:2239:2253:2331:2353:2367:2400:2475:2537:2554:2585:2587:2627:2643:2664:2685:2746:2752:2800:2801:2935:0:40:51:66:75:117:162:255:256:300:396:414:421:441:451:460:552:584:661:679:796:856:906:929:989:1015:1075:1082:1147:1159:1163:1172:1234:1288:1314:1358:1365:1371:1385:1437:1487:1494:1496:1547:1628:1725:1742:1754:1808:1812:1920:1929:1990:2016:2041:2064:2070:2077:2091:2106:2123:2137:2175:2262:2294:2309:2319:2332:2371:2413:2437:2443:2473:2497:2522:2536:2551:2553:2590:2608:2614:2633:2672:2689:2694:2714:2717:2728:2744:2773:2780:2822:2840:2870:2879:2962:3013:24:30:62:76:96:118:122:169:242:257:338:388:422:431:471:511:530:614:621:626:643:680:722:746:792:908:933:939:942:1013:1020:1022:1057:1139:1153:1221:1250:1270:1283:1311:1334:1384:1416:1429:1447:1504:1535:1610:1622:1699:1715:1776:1786:1874:1886:1921:1946:1971:1984:1991:2026:2062:2065:2121:2138:2156:2214:2219:2240:2243:2315:2347:2432:2447:2462:2465:2599:2688:2787:2791:2804:2818:2826:2842:2874:2890:2893:2917:2951:3014:7:65:80:115:221:238:261:286:375:389:423:531:582:623:645:660:695:706:708:714:754:779:793:802:860:864:957:975:981:994:1054:1068:1077:1111:1156:1177:1187:1198:1238:1295:1301:1449:1472:1480:1543:1612:1631:1635:1650:1658:1677:1758:1777:1779:1832:1884:1897:1938:2009:2063:2069:2152:2161:2199:2282:2298:2304:2308:2316:2348:2419:2421:2433:2461:2466:2472:2498:2499:2511:2558:2574:2649:2698:2712:2738:2784:2832:2855:2900:2921:2987:3007:3027:3047:22:48:73:85:138:177:193:224:239:282:303:306:316:330:403:457:473:523:537:556:578:611:617:646:704:734:789:803:819:846:862:873:898:985:1012:1018:1040:1098:1134:1178:1183:1185:1186:1213:1215:1248:1254:1263:1274:1279:1284:1286:1299:1317:1323:1359:1413:1415:1417:1432:1448:1473:1486:1488:1499:1553:1575:1576:1582:1583:1587:1600:1645:1671:1752:1764:1799:1815:1827:1868:1869:1890:1915:1931:1947:1952:1986:2006:2008:2033:2050:2145:2155:2181:2222:2250:2269:2270:2292:2295:2310:2324:2325:2333:2346:2361:2385:2391:2398:2471:2495:2512:2518:2528:2573:2612:2613:2644:2687:2726:2782:2789:2799:2809:2828:2898:2941:2955:2984:2999:3031:27:56:61:72:107:180:184:260:271:277:297:313:342:368:383:400:404:453:464:465:466:510:566:591:631:633:650:651:741:762:769:788:812:815:849:895:911:927:944:968:1036:1047:1056:1067:1095:1104:1140:1151:1168:1175:1202:1203:1232:1236:1242:1247:1258:1276:1280:1313:1362:1367:1391:1393:1457:1458:1465:1469:1478:1563:1606:1640:1666:1707:1710:1721:1724:1738:1789:1802:1803:1816:1835:1838:1926:1940:2098:2142:2194:2210:2234:2252:2275:2280:2285:2320:2321:2363:2377:2383:2394:2411:2538:2634:2681:2704:2751:2761:2813:2841:2851:2878:2885:2905:2918:2920:2923:2934:2952:1:125:192:211:285:305:387:391:429:454:481:485:501:508:535:550:606:637:653:666:682:712:720:773:780:781:811:840:852:893:928:935:937:955:1007:1071:1074:1100:1119:1167:1184:1206:1223:1224:1268:1269:1382:1403:1411:1421:1450:1476:1477:1493:1546:1554:1560:1637:1675:1687:1716:1760:1824:1875:1878:1918:1925:1928:1960:1965:1978:2000:2039:2066:2128:2136:2140:2153:2176:2180:2230:2266:2293:2393:2397:2399:2407:2423:2427:2440:2449:2458:2464:2468:2477:2485:2504:2545:2571:2589:2610:2620:2628:2632:2683:2739:2754:2774:2777:2863:2892:2961:3000:3011:3044:23:81:113:149:156:188:198:210:223:275:293:304:351:358:410:435:450:455:529:574:662:670:688:710:759:794:797:817:851:865:872:877:887:896:930:1024:1033:1083:1127:1132:1191:1192:1200:1228:1278:1291:1296:1298:1302:1338:1345:1370:1400:1418:1430:1431:1467:1481:1530:1549:1558:1569:1572:1589:1599:1626:1642:1654:1656:1698:1728:1787:1823:1831:1836:1856:1859:1891:1893:1919:1933:1962:1963:1966:1979:2002:2030:2059:2090:2118:2143:2144:2157:2168:2206:2218:2356:2374:2381:2389:2406:2491:2506:2510:2549:2596:2616:2619:2651:2662:2719:2720:2733:2734:2742:2763:2816:2821:2830:2836:2868:2881:2911:2915:2929:2993:3029:6:19:26:35:57:79:101:105:106:124:171:190:218:229:240:248:254:264:284:288:346:347:354:377:380:407:440:449:452:498:539:557:565:598:604:608:612:664:687:698:707:724:726:764:772:777:784:787:835:891:924:956:978:1010:1086:1144:1164:1165:1174:1181:1275:1310:1325:1357:1373:1381:1388:1422:1433:1444:1474:1491:1498:1521:1544:1557:1603:1688:1692:1712:1722:1765:1793:1800:1804:1806:1820:1968:1987:2021:2032:2040:2076:2097:2099:2108:2117:2148:2179:2195:2328:2339:2351:2365:2408:2438:2444:2479:2480:2496:2548:2601:2602:2609:2637:2652:2660:2661:2696:2706:2764:2766:2815:2829:2844:2852:2857:2866:2867:2888:2902:2940:2942:2963:2975:2991:34:59:67:137:139:144:161:165:204:232:233:237:295:328:357:360:386:390:413:428:487:491:509:514:592:605:634:686:717:740:782:838:843:878:882:886:905:938:951:979:1005:1043:1058:1063:1124:1210:1249:1289:1292:1297:1308:1346:1360:1366:1461:1466:1518:1532:1578:1584:1594:1608:1619:1621:1630:1643:1648:1659:1714:1778:1794:1822:1840:1846:1849:1858:1882:1892:1900:1912:1913:1958:1972:1988:2023:2046:2079:2085:2093:2103:2167:2187:2207:2244:2261:2264:2287:2301:2335:2344:2355:2366:2388:2395:2415:2428:2431:2527:2543:2556:2561:2576:2594:2611:2615:2631:2679:2723:2724:2741:2837:2846:2853:2858:2872:2894:2922:2937:2943:2954:2986:2988:3004:3024:3045:11:15:42:49:52:58:64:88:111:141:172:202:206:212:220:222:249:259:309:329:332:355:397:399:406:445:462:493:524:528:545:640:663:672:709:747:749:757:798:845:855:859:915:920:943:1016:1017:1039:1073:1080:1106:1110:1169:1170:1266:1312:1319:1361:1369:1380:1389:1428:1440:1442:1462:1475:1479:1514:1539:1574:1593:1620:1686:1711:1717:1720:1735:1736:1751:1774:1792:1809:1819:1860:1862:1864:1872:1898:1927:1932:1943:1999:2007:2011:2031:2043:2114:2122:2134:2158:2193:2196:2201:2235:2279:2311:2368:2380:2489:2519:2524:2533:2565:2583:2591:2621:2657:2666:2676:2686:2758:2783:2788:2847:2864:2882:2883:2886:2889:2926:2927:2967:2979:2981:2983:2990:3017:3018:3046:10:17:20:91:109:116:130:145:151:175:195:219:253:278:287:307:333:344:352:353:394:395:402:411:417:433:442:456:480:497:512:541:560:577:641:644:657:685:700:701:713:715:736:751:765:776:783:799:834:837:866:947:976:986:993:1000:1019:1027:1030:1045:1060:1062:1096:1109:1112:1121:1122:1129:1150:1154:1157:1171:1196:1204:1218:1243:1257:1265:1271:1287:1326:1336:1339:1344:1351:1352:1374:1390:1396:1401:1427:1434:1436:1445:1454:1483:1505:1508:1510:1533:1534:1540:1579:1585:1591:1627:1639:1641:1655:1661:1662:1664:1682:1701:1730:1763:1798:1825:1854:1867:1896:1901:1908:1911:1930:1953:1956:1989:2004:2017:2029:2036:2058:2133:2135:2151:2163:2197:2200:2251:2273:2276:2281:2286:2312:2326:2360:2372:2409:2481:2494:2501:2520:2521:2523:2544:2560:2584:2586:2597:2625:2639:2647:2655:2656:2691:2702:2729:2750:2759:2778:2796:2805:2820:2823:2827:2835:2854:2862:2875:2948:2964:2972:3002:3015:3026:13:21:28:37:38:44:50:86:129:153:164:187:235:244:246:266:270:280:290:292:315:317:322:356:376:419:426:430:458:467:468:483:505:549:555:579:601:615:648:665:675:689:690:730:795:839:867:936:945:959:960:977:983:992:999:1038:1048:1051:1084:1092:1117:1126:1145:1152:1176:1182:1190:1197:1231:1267:1304:1316:1318:1320:1322:1327:1355:1377:1394:1446:1492:1511:1526:1531:1538:1566:1567:1571:1601:1674:1750:1757:1762:1821:1843:1855:1871:1889:1904:1936:1970:2022:2080:2120:2141:2224:2272:2274:2313:2329:2404:2414:2416:2422:2460:2502:2526:2529:2603:2641:2645:2700:2790:2807:2848:2887:2901:2982:3010:3:78:94:104:110:126:134:147:170:173:176:201:205:226:236:247:269:302:308:343:364:369:370:373:416:434:469:470:519:543:563:568:575:627:635:703:721:744:758:768:775:805:808:809:847:876:899:912:918:962:997:1003:1008:1049:1081:1087:1101:1195:1208:1212:1216:1245:1253:1261:1343:1392:1426:1439:1443:1503:1522:1565:1573:1660:1663:1669:1739:1791:1837:1861:1879:1881:1895:1941:1950:1951:1954:1996:2014:2055:2074:2087:2089:2104:2162:2164:2173:2185:2190:2205:2228:2289:2291:2297:2327:2401:2410:2412:2455:2476:2484:2500:2509:2569:2578:2593:2598:2605:2606:2630:2650:2667:2690:2693:2707:2708:2715:2753:2812:2814:2891:2938:2996:3012:3019:3028:3040:9:31:36:54:55:68:82:84:93:95:154:185:189:213:225:227:274:318:409:432:499:506:516:526:533:544:546:558:585:616:697:731:761:770:800:829:832:850:857:875:897:913:970:974:980:996:1028:1044:1052:1055:1088:1093:1180:1211:1290:1303:1335:1383:1406:1410:1423:1482:1541:1580:1604:1638:1651:1727:1734:1797:1818:1876:1961:1974:1980:2013:2038:2045:2047:2048:2049:2057:2081:2096:2113:2129:2174:2191:2255:2342:2378:2387:2392:2402:2434:2448:2474:2505:2516:2530:2564:2570:2577:2581:2629:2668:2678:2699:2716:2736:2771:2793:2913:2950:2966:2976:2995:3001:39:45:103:163:168:174:178:182:196:203:214:215:216:217:241:298:337:341:365:393:415:425:436:461:477:525:609:620:624:632:639:656:742:743:753:771:791:804:806:826:890:894:909:922:965:971:984:998:1035:1115:1116:1118:1179:1193:1226:1305:1315:1378:1407:1484:1551:1561:1590:1595:1602:1625:1633:1676:1705:1726:1733:1746:1755:1782:1829:1830:1852:1883:1888:1903:1939:1967:1982:2005:2010:2042:2060:2073:2083:2126:2139:2146:2186:2227:2245:2248:2257:2265:2283:2300:2306:2429:2450:2457:2469:2534:2540:2580:2595:2695:2697:2721:2757:2781:2792:2833:2859:2860:2903:2906:2908:2932:2957:3036:3041:4:70:100:121:127:146:245:267:268:272:327:371:496:503:504:515:527:573:618:659:677:723:727:739:752:767:801:818:823:824:830:831:871:885:907:934:946:991:1004:1032:1053:1099:1102:1105:1130:1142:1282:1387:1451:1452:1464:1500:1509:1536:1607:1657:1670:1704:1767:1807:1817:1839:1847:1917:1949:1995:2044:2051:2067:2147:2165:2169:2215:2221:2229:2296:2330:2336:2382:2386:2425:2445:2453:2486:2503:2514:2525:2535:2542:2546:2572:2579:2592:2665:2705:2727:2776:2819:2850:2876:2877:2880:2897:2931:2933:2953:2974:3003:3025:3033:3048:25:83:112:159:166:250:251:263:301:314:326:359:418:459:463:482:513:522:561:569:600:602:668:669:702:719:725:733:738:861:870:881:903:919:926:990:1069:1078:1085:1090:1097:1107:1113:1137:1230:1235:1256:1342:1353:1402:1425:1470:1515:1523:1596:1598:1697:1708:1744:1785:1795:1801:1811:1848:1894:1909:1942:1948:1964:1976:1983:2034:2068:2075:2086:2159:2171:2177:2183:2208:2217:2226:2231:2232:2288:2370:2430:2441:2470:2478:2507:2557:2607:2648:2673:2684:2765:2786:2794:2795:2806:2817:2884:3006:3009:3039:97:108:119:197:209:258:291:311:312:334:345:348:374:420:437:446:542:548:588:594:596:610:671:760:822:858:889:910:931:967:973:1064:1065:1094:1136:1244:1246:1307:1309:1332:1347:1354:1456:1502:1512:1568:1634:1652:1680:1709:1747:1768:1769:1813:1850:1885:1923:2001:2018:2024:2154:2211:2284:2303:2307:2334:2349:2359:2373:2456:2513:2515:2539:2575:2653:2669:2682:2760:2803:2861:2895:2909:2916:2989:3005:3032:3037:69:152:157:228:279:294:299:385:438:518:520:572:597:790:914:923:932:949:963:988:1001:1026:1050:1091:1120:1133:1141:1188:1209:1219:1225:1293:1300:1328:1414:1460:1581:1597:1702:1729:1731:1784:1899:1993:2012:2015:2130:2160:2170:2247:2384:2417:2418:2483:2488:2531:2559:2618:2658:2674:2677:2713:2730:2768:2843:2856:2865:2946:2965:2978:2980:2985:2994:3030:3034:3043:99:131:155:194:262:296:310:324:361:366:472:478:489:495:507:559:581:590:705:735:853:868:904:917:941:982:1002:1143:1146:1160:1237:1251:1277:1329:1331:1349:1399:1459:1548:1562:1613:1653:1667:1681:1718:1732:1737:1749:1773:1796:1833:2095:2116:2241:2242:2267:2357:2375:2405:2446:2493:2567:2622:2623:2670:2711:2718:2769:2977:2992:3020:3022:3023:3035:12:16:60:183:191:208:243:283:350:401:476:492:576:655:673:674:737:825:879:948:950:954:1009:1014:1021:1125:1128:1135:1138:1161:1173:1189:1199:1222:1252:1409:1588:1684:1700:1706:1743:1945:1955:1975:2052:2105:2178:2188:2204:2236:2258:2259:2260:2299:2396:2424:2459:2467:2490:2517:2550:2654:2725:2743:2755:2756:2824:2936:2960:33:43:114:281:362:372:536:613:678:748:816:1217:1227:1259:1376:1441:1516:1525:1545:1647:1685:1694:1907:2078:2107:2172:2203:2249:2338:2345:2451:2508:2617:2636:2747:2802:2873:2924:3042:41:77:135:142:158:276:384:427:538:551:756:1155:1205:1214:1340:1420:1501:1537:1586:1605:1624:1665:1673:1770:1826:1857:1998:2056:2119:2125:2213:2277:2547:2659:2732:2810:2845:46:381:408:580:684:821:1046:1149:1166:1233:1333:1395:1489:1490:1519:1527:1592:1689:1690:1810:1866:1914:2109:2111:2202:2263:2323:2439:2452:2626:2675:2735:2896:2939:90:98:412:517:820:1108:1404:1524:1577:1614:1632:1805:1902:1981:2025:2131:2132:2225:2709:2722:63:363:502:607:629:681:841:883:995:1123:1281:1397:1741:1790:2071:2563:2604:2646:2849:167:1273:1495:1618:1740:1906 -1:0:6:3:4:2:5:1 -1:0:2:1 -1:8:9:1:5:3:6:4:2:7:0 -1:0:1:2 [1:7] [1:12] [0.050000000000000003:33.719999999999999] [0.051546391752577331:1] [0:1] [0:1] [0:1] [0.051546391752577331:8.9600000000000009] [0.051546391752577331:13.233333333333334] [0:190] [0:135.71428571428572] [0:120.92857142857143] [1:211] [0:120.73377071547586] [0:1730] [1:28] -1:2:4:5:0:3:6:1
tree_sizes=32820

Tree=0
num_leaves=128
num_cat=84
split_feature=16 16 16 1 16 16 16 16 0 13 19 13 19 7 21 21 0 21 0 7 15 19 21 0 19 0 0 0 16 0 0 0 0 0 21 0 0 0 16 19 16 0 0 3 15 16 16 16 16 0 16 0 0 0 0 0 0 0 0 0 19 0 13 15 0 0 0 0 0 0 7 16 0 0 0 0 19 3 0 0 19 21 0 19 0 0 0 0 0 19 21 0 0 0 0 0 0 16 16 0 0 0 0 0 15 0 0 0 0 0 0 1 0 0 19 0 7 0 0 7 15 0 0 0 0 16 0
split_gain=1.01478e+07 1.31088e+06 1.07778e+06 165927 153197 150910 115271 97475.7 58607 49888.9 48367.3 44533.5 38153.5 40298.1 38076.3 36483.5 36304.7 34160.9 28515.9 27342.8 26590.4 26031.6 24644.3 21142.7 21036.8 30335.7 20405.6 22504.9 19982.8 19478 19158.9 29368.2 18867 18043.2 17765.2 17433.8 17425.6 16926.2 16359.1 15408.7 13135.4 13546.1 14420.1 12483.1 12283.9 11946.1 11488.2 11103.4 10941.3 10927 10685.1 10276.5 9857.97 17772.3 10072.3 9422.23 9270.25 9045.66 8986.63 8723.63 8691.43 8607.32 8179.31 8049.11 8038.89 12438.7 8715.22 12182.3 8036.27 7911 7774.54 7763.87 7583.98 7258.44 7128.5 7114.08 6918.26 6860.66 6602.74 6426.82 6426.3 6268.23 6263.76 6112.49 6049.63 6190.03 5972.42 6713.84 5835.58 5827.24 5759.05 5750.16 5675.01 5598.22 5814.93 5519.26 5511.56 5454.28 5376.6 5229.8 7262.79 5220.62 5096.36 4974.57 4973.59 4964.71 5920.94 5761.24 5689.24 4958.59 5428.28 4897.08 4863.06 6134.46 4856.15 4841.36 4674.98 4642.18 5679 4557.03 4496.53 4376.81 4335.27 4252.48 4853.81 4168.78 4151.9
threshold=0.7678571428571429 1.767857142857143 0.33928571428571436 0 1.1250000000000002 2.9464285714285716 0.5178571428571429 0.16071428571428573 1 1.0219580400314083 1.5000000000000002 0.99861329584238445 169.50000000000003 1.5200000000000002 2 3 4 5 6 0.95000000000000007 0.50000000000000011 2.5000000000000004 7 8 53.500000000000007 9 10 11 0.19642857142857145 12 13 14 15 16 17 18 19 20 1.4107142857142858 46.500000000000007 4.7321428571428577 21 22 23 1.3571428571428574 0.23214285714285718 0.91071428571428592 2.1964285714285716 0.62500000000000011 24 0.089285714285714288 25 26 27 28 29 30 31 32 33 3.5000000000000004 34 0.99861329584238445 0.78571428571428581 35 36 37 38 39 40 0.72000000000000008 0.41071428571428575 41 42 43 44 3.5000000000000004 45 46 47 3.5000000000000004 48 49 317.50000000000006 50 51 52 53 54 4.5000000000000009 55 56 57 58 59 60 61 1.4107142857142858 0.62500000000000011 62 63 64 65 66 1.2142857142857146 67 68 69 70 71 72 73 74 75 3.5000000000000004 76 0.82000000000000017 77 78 0.69000000000000006 1.642857142857143 79 80 81 82 0.41071428571428575 83
decision_type=2 2 2 1 2 2 2 2 9 2 2 2 2 2 1 1 9 1 9 2 2 2 1 9 2 9 9 9 2 9 9 9 9 9 1 9 9 9 2 2 2 9 9 1 2 2 2 2 2 9 2 9 9 9 9 9 9 9 9 9 2 9 2 2 9 9 9 9 9 9 2 2 9 9 9 9 2 1 9 9 2 1 9 2 9 9 9 9 9 2 1 9 9 9 9 9 9 2 2 9 9 9 9 9 2 9 9 9 9 9 9 1 9 9 2 9 2 9 9 2 2 9 9 9 9 2 9
left_child=2 4 3 8 14 21 22 50 83 11 16 39 13 29 89 60 -7 98 -18 35 23 34 104 -15 28 -26 -27 -28 52 -13 -21 -32 -12 -29 99 -20 -31 -34 80 115 72 -42 -43 88 71 -9 -16 117 120 -49 57 -45 -25 -54 -55 -41 -14 -5 -38 -39 97 -35 74 -22 -63 -66 -67 -68 -23 -69 -51 -24 -33 -37 -59 -57 -40 93 -72 -64 -17 -47 -53 -1 -71 -86 -44 -88 -11 111 -30 -87 -58 -56 -95 -60 -61 -6 -8 -3 -101 -89 -96 -77 125 -74 -107 -108 -109 -81 -111 -2 -70 -114 -48 -10 -98 -36 -119 -102 -19 -90 -115 -80 -125 -4 -94
right_child=1 5 6 7 15 10 17 45 9 43 32 12 56 20 46 38 18 48 19 30 63 68 44 24 25 26 27 33 90 36 31 40 37 61 47 73 58 59 76 55 41 42 86 51 -46 81 114 49 -50 70 -52 82 53 54 77 75 92 62 95 96 -62 64 79 -65 65 66 67 69 112 84 78 -73 105 -75 -76 103 -78 -79 123 109 -82 -83 -84 -85 85 91 87 101 121 -91 -92 -93 126 94 102 -97 116 -99 -100 100 119 -103 -104 -105 -106 106 107 108 -110 110 -112 -113 113 122 -116 -117 -118 118 -120 -121 -122 -123 -124 124 -126 -127 -128
leaf_value=0 0 0 0 0 0 0.050000000000000003 0 0 0 0 0 0 0 0 0 0 0 0 0 0 0 0 0 0 0 0 0 0 0 0 0 0 0 0 0 0 0 0 0 0 0 0 0 0 0 0 0 0 0 0 0 0 0 0 0 0 0 0 0 0 0 0 0 0 0 0 0 0 0 0 0 0 0 0 0 0 0 0 0 0 0 0 0 0 0 0 0 0 0 0 0 0 0 0 0 0 0 0 0 0 0 0 0 0 0 0 0 0 0 0 0 0 0 0 0 0 0 0 0 0 0 0 0 0 0 0 0
leaf_weight=1880394 1604276 14594 3499343 43172 3797170 1917317 3774650 10172564 16841 23363 53305 123745 28385 677991 8659340 9492462 86652 9344650 552897 83691 1853957 27586 8775176 19241 90941 100401 142039 137127 3082822 258991 219390 74198 63270 146586 16833 739839 260524 44833 8267874 65075 133366 247911 197729 30472 228189 3222926 9514722 39379 10439631 363085 11873034 30210 54486 40237 16382 81436 36664 84079 260153 39149 334205 84996 1797496 501535 157920 131006 204667 153070 19576 131483 39821 11275080 84371 2176177 305040 91461 329686 9644841 35428 58592 504575 8061383 486471 201672 159666 171643 354143 353745 24041 397233 7707451 3369637 49062 27287 32413 939562 228189 3306589 4176019 33185 164055 6794760 5471681 341198 130581 143080 168637 200234 8266700 117594 17940907 5539664 30197 24428 675584 319717 614160 32818 6512588 5256576 91605 349241 763131 54127 6584770 4483130 2587919
leaf_count=1880394 1604276 14594 3499343 43172 3797170 1917317 3774650 10172564 16841 23363 53305 123745 28385 677991 8659340 9492462 86652 9344650 552897 83691 1853957 27586 8775176 19241 90941 100401 142039 137127 3082822 258991 219390 74198 63270 146586 16833 739839 260524 44833 8267874 65075 133366 247911 197729 30472 228189 3222926 9514722 39379 10439631 363085 11873034 30210 54486 40237 16382 81436 36664 84079 260153 39149 334205 84996 1797496 501535 157920 131006 204667 153070 19576 131483 39821 11275080 84371 2176177 305040 91461 329686 9644841 35428 58592 504575 8061383 486471 201672 159666 171643 354143 353745 24041 397233 7707451 3369637 49062 27287 32413 939562 228189 3306589 4176019 33185 164055 6794760 5471681 341198 130581 143080 168637 200234 8266700 117594 17940907 5539664 30197 24428 675584 319717 614160 32818 6512588 5256576 91605 349241 763131 54127 6584770 4483130 2587919
internal_value=-0.0284436 -0.0157307 -0.036459 -0.0396657 -0.0210668 -0.00935136 -0.0309561 -0.0415174 -0.0373434 -0.036925 -0.00666379 -0.0371946 -0.0374514 -0.0370231 -0.0237513 -0.0183453 -0.00618205 -0.0286691 -0.00678675 -0.00666744 -0.03741 -0.0125527 -0.0331975 -0.0377879 -0.0375985 -0.0346883 -0.0351996 -0.0356488 -0.0381762 -0.0298205 -0.00585601 -0.00574013 -0.0171933 -0.0362236 -0.0121694 -0.0107193 -0.0311995 -0.0156319 -0.0195292 -0.026296 -0.0055058 -0.00404505 -0.00377986 -0.0255634 -0.0341295 -0.0389064 -0.0249526 -0.0131324 -0.0297772 -0.0117645 -0.0432562 -0.0304598 -0.0393379 -0.0393829 -0.0394849 -0.0213517 -0.0431826 -0.0439517 -0.0333198 -0.0139226 -0.0153856 -0.0367442 -0.0440003 -0.0322832 -0.0363608 -0.03665 -0.0371538 -0.0375511 -0.0210374 -0.0381622 -0.0116183 -0.0342608 -0.00682672 -0.00917575 -0.036821 -0.0236205 -0.01793 -0.0395511 -0.0112329 -0.0441406 -0.0209045 -0.0377862 -0.0321241 -0.0455263 -0.0386077 -0.0389824 -0.00339772 -0.00317165 -0.0188078 -0.0207484 -0.0365284 -0.0394169 -0.0434843 -0.0381488 -0.0382353 -0.0314908 -0.012828 -0.0150149 -0.0258989 -0.00976055 -0.00968051 -0.00283873 -0.0383495 -0.0261727 -0.0308682 -0.00669343 -0.0065774 -0.00641023 -0.00622795 -0.0438573 -0.0439045 -0.0204207 -0.0201618 -0.0195717 -0.0238147 -0.0348043 -0.0119753 -0.0146159 -0.0145484 -0.0095377 -0.0310112 -0.0172894 -0.0187231 -0.0111117 -0.0110195 -0.0310265 -0.0437562
internal_weight=2.48966e+08 9.62733e+07 1.52693e+08 9.64749e+07 5.24234e+07 4.38499e+07 5.62181e+07 5.36768e+07 4.27981e+07 4.0716e+07 2.38377e+07 3.97722e+07 3.88565e+07 3.61545e+07 2.63908e+07 2.60326e+07 2.27948e+07 2.78266e+07 2.08775e+07 2.07909e+07 3.43115e+07 2.00122e+07 2.83915e+07 3.1956e+07 3.1278e+07 5.18118e+06 5.09024e+06 4.98984e+06 2.60968e+07 1.84298e+06 1.7322e+07 1.72383e+07 1.04291e+06 4.8478e+06 1.91473e+07 3.46891e+06 1.71923e+06 989601 1.85946e+07 915728 1.70189e+07 8.08165e+06 7.94829e+06 943798 2.02784e+07 2.14569e+07 1.88496e+07 1.36788e+07 1.98759e+07 7.11661e+06 3.22199e+07 547153 1.53066e+07 1.52873e+07 1.52328e+07 579170 2.70203e+06 2.03469e+07 1.46024e+06 926331 7.43796e+06 4.71067e+06 2.03037e+07 2.35549e+06 4.56409e+06 4.47909e+06 4.32117e+06 4.19017e+06 864918 3.9855e+06 7.07723e+06 2.00503e+07 8.93722e+06 2.91602e+06 389119 514095 8.59756e+06 1.51926e+07 6.71415e+06 1.99146e+07 9.99704e+06 1.12843e+07 516681 2.08207e+06 3.83243e+06 3.70095e+06 7.70038e+06 7.50265e+06 396645 7.54117e+06 1.07903e+07 3.54128e+06 2.67364e+06 5.54776e+06 5.53138e+06 1.19972e+06 881498 7.10376e+06 7.95067e+06 5.46841e+06 5.45382e+06 7.1485e+06 5.50409e+06 432659 8.11305e+06 8.86302e+06 8.77865e+06 8.63557e+06 8.46693e+06 1.81171e+07 1.80585e+07 7.14394e+06 837332 817756 1.01903e+07 336558 842349 6.56224e+06 6.54541e+06 5.42063e+06 9.43626e+06 373282 787559 6.67432e+06 6.6389e+06 7.98247e+06 2.63698e+06
internal_count=248966244 96273300 152692944 96474890 52423380 43849920 56218054 53676787 42798103 40716037 23837743 39772239 38856511 36154481 26390819 26032561 22794837 27826555 20877520 20790868 34311506 20012177 28391499 31956014 31278023 5181182 5090241 4989840 26096841 1842975 17321955 17238264 1042906 4847801 19147259 3468913 1719230 989601 18594597 915728 17018874 8081654 7948288 943798 20278445 21456873 18849646 13678849 19875886 7116610 32219914 547153 15306568 15287327 15232841 579170 2702030 20346880 1460239 926331 7437964 4710674 20303708 2355492 4564088 4479092 4321172 4190166 864918 3985499 7077231 20050256 8937220 2916016 389119 514095 8597560 15192604 6714146 19914589 9997037 11284309 516681 2082066 3832429 3700946 7700377 7502648 396645 7541173 10790273 3541280 2673645 5547763 5531381 1199715 881498 7103759 7950669 5468410 5453816 7148505 5504094 432659 8113054 8863022 8778651 8635571 8466934 18117093 18058501 7143940 837332 817756 10190306 336558 842349 6562239 6545406 5420631 9436255 373282 787559 6674325 6638897 7982473 2636981
cat_boundaries=0 1 95 96 97 193 194 289 290 382 477 570 660 745 839 931 1024 1115 1116 1211 1302 1395 1488 1574 1575 1670 1766 1858 1953 2049 2137 2232 2326 2422 2517 2609 2704 2800 2889 2985 3081 3176 3270 3363 3457 3552 3553 3643 3738 3739 3835 3930 4024 4117 4209 4304 4305 4400 4491 4584 4668 4759 4854 4944 5039 5134 5229 5316 5411 5505 5599 5693 5789 5884 5885 5979 6074 6167 6261 6355 6443 6534 6629 6724 6816
cat_threshold=101 0 536870912 8388616 0 0 8388608 0 0 0 16384 0 0 0 0 0 0 32 1 0 0 8192 0 0 1024 0 128 0 0 0 0 0 524288 0 65536 0 524288 1056768 0 1048576 0 0 0 0 1074069504 0 0 0 0 0 0 0 524288 0 0 0 0 0 0 0 0 16777216 0 0 32768 0 0 0 0 0 0 0 16777216 278528 0 0 0 0 0 4096 0 0 0 64 0 0 2048 0 0 0 8 0 1024 67108864 1048576 3 3 0 0 0 524288 0 0 2147483648 0 128 0 0 0 0 0 16777216 0 536870912 32768 67108864 0 4 67108864 0 0 8 0 0 0 67108864 2560 4194304 0 64 1048576 4 0 0 32 0 0 16777216 2 0 0 2097152 0 0 1073741824 0 0 0 0 65536 2097152 0 0 0 0 16384 0 0 0 0 0 0 0 0 0 0 0 2097152 0 0 0 0 0 0 524288 0 0 0 33554432 0 0 0 0 0 0 0 8 8 0 524288 0 0 2 3 0 0 0 0 0 0 0 2148007936 0 0 0 1048576 0 536870912 0 0 1073741824 256 8 0 1024 65536 0 536870912 0 0 0 0 32768 0 0 0 0 0 0 0 0 0 0 8224 2048 0 2097152 65536 0 0 1048576 0 0 0 268435456 524288 0 536870912 32768 0 0 0 0 0 16777216 67108864 0 0 0 0 67584 0 512 0 0 0 268435456 0 32768 0 0 0 0 0 0 0 0 0 0 0 256 0 0 0 0 0 2097152 0 2149580800 3 0 1 524288 131072 0 0 536870912 0 0 0 0 32768 0 0 0 0 536870912 0 67108864 0 131072 67108864 0 0 0 0 0 131072 0 2560 0 0 0 0 0 4194304 0 0 0 0 0 2 0 0 0 0 4096 64 0 1280 0 16777216 0 0 0 2 0 0 0 0 0 0 0 0 0 0 536871936 0 2147483648 0 0 0 0 0 0 8192 4 32768 0 1048576 0 0 0 0 1024 262144 536870912 0 0 0 2097152 8192 0 0 0 0 2097152 0 0 0 0 0 0 0 0 0 0 0 0 0 0 0 0 1073741824 0 16 0 0 8 16777216 0 0 4096 0 0 0 32 0 0 0 0 0 0 0 0 0 131072 1073741824 0 0 0 0 1 0 0 4 0 0 0 0 64 0 4194304 0 0 0 0 67108864 0 25165826 4 0 64 0 0 0 0 4096 0 1048576 2048 0 0 0 0 0 262144 0 2050 33554432 16777216 67239936 4096 0 2097152 0 128 0 32768 4096 0 0 0 0 0 4 0 0 0 0 0 0 1073741824 0 0 33554432 0 0 0 0 134217728 262144 0 65536 0 0 0 134217728 0 1 128 0 4096 16 33554432 0 0 0 16777216 0 32 0 2149580800 0 0 0 0 33554432 256 4 0 0 0 0 0 0 0 0 0 16 67108864 1 0 0 0 0 1073741824 1 0 32768 0 0 268435456 0 0 0 0 32768 1024 0 0 0 0 0 0 1048576 0 0 0 16384 256 0 0 0 0 0 0 0 32776 0 8 0 0 64 0 8388608 0 0 0 8192 0 0 0 1048576 0 0 1048576 0 1073743872 65536 0 0 1048576 32800 0 0 0 8192 0 536936448 0 0 65536 0 0 0 0 0 1024 0 0 4 16777216 0 0 0 0 64 0 0 0 0 0 0 0 0 0 0 0 0 262144 0 0 0 0 0 0 0 67108880 0 16777216 512 0 2 0 0 64 0 2097152 8192 1048 4096 0 8388608 0 0 4196352 0 0 512 134217732 0 0 0 0 2097152 0 0 0 0 131088 134217728 0 0 0 0 0 0 0 0 524288 0 0 1074003968 128 17408 0 0 0 0 0 0 0 0 8192 0 0 0 0 0 0 0 0 0 1 8396800 0 0 0 0 0 0 0 0 0 512 0 0 0 0 0 2 0 0 0 0 33554432 2147483648 0 0 536870912 0 0 65536 65600 0 1048576 0 33554432 0 0 0 0 134217728 64 0 4 0 64 0 0 0 0 0 1140850688 0 0 0 0 0 0 262152 0 0 0 16384 0 0 0 2147483648 0 0 0 0 0 0 0 0 8388608 0 2 0 0 0 262144 0 4 0 0 2048 0 1073741824 285212672 0 0 1048576 0 0 67108864 4096 0 0 0 0 32 0 128 0 4096 0 0 0 0 0 0 0 16 2048 0 2048 0 0 64 0 4096 0 0 0 536870912 0 0 0 2048 4 0 0 0 0 524288 0 0 0 524288 0 2048 8388608 0 0 0 0 0 0 0 0 0 0 0 0 0 0 0 0 0 0 2 0 0 0 0 1 4096 128 0 0 0 0 0 2147483648 1024 512 258 0 0 67108864 33554432 0 0 0 0 0 0 256 0 524288 0 1024 8388608 0 16777216 64 0 0 0 0 0 0 1048576 16 0 0 0 1073741824 0 536870944 0 0 0 0 67174400 0 36 8 1048576 0 0 0 0 0 2147483648 0 0 0 0 0 0 0 0 1073741824 0 8 67108864 1024 0 0 536870912 0 0 0 16777216 0 0 32 260 0 0 0 0 0 0 0 536870912 0 0 0 16777216 128 0 0 0 0 0 1 256 0 4 67108864 0 0 0 0 0 16777216 0 1048576 67108864 4352 0 0 0 0 0 0 268435460 268435456 0 512 0 0 0 0 0 0 0 0 0 32 0 0 0 0 0 2097152 4 2097152 0 1048608 0 0 268435456 67108864 0 0 258 64 0 1048576 0 16400 0 0 0 524288 0 0 0 0 0 0 256 0 0 0 262144 262144 0 0 0 0 0 0 0 65536 0 0 8388608 0 0 2048 128 0 0 0 0 0 0 0 1 0 16777216 0 8192 16777216 0 4 0 0 0 0 0 268435456 0 0 262144 0 4096 268697600 0 0 0 512 0 0 0 0 0 0 0 16777216 0 0 0 0 0 4 16 3 8 2 0 2048 0 0 0 0 0 640 0 0 0 0 0 0 0 16384 0 2056 0 8 0 0 1048578 0 16 0 0 0 16 4 512 0 0 2097152 0 0 0 0 8 0 0 128 0 0 0 0 0 0 0 0 0 0 67108864 0 134217729 0 268435456 0 0 0 134217728 0 0 0 0 0 0 0 0 0 0 512 65536 0 0 0 0 536870912 0 32768 0 0 536870976 0 0 0 0 0 0 0 0 0 4096 0 131072 0 0 0 0 0 0 0 0 0 0 0 0 0 65536 20971520 0 131072 8 0 2147483648 0 0 2 0 0 1024 131072 0 16 268435456 0 0 0 0 131072 0 0 0 64 0 0 0 0 0 0 1024 0 0 0 131072 0 0 67108864 0 32768 1048576 0 2 0 0 134217728 0 32768 0 0 0 0 2 0 0 0 1536 1073741824 0 0 0 0 0 16384 2048 0 0 67108864 0 134217728 0 0 16777216 4096 0 32768 0 2048 0 0 0 0 0 512 0 0 0 0 0 0 0 0 131072 0 1073741824 0 8519680 0 0 4 0 0 2080 0 16 0 512 0 0 0 0 0 0 73728 0 2048 0 65536 0 0 0 0 0 33280 0 0 0 0 0 2097152 0 25165824 0 0 0 0 134348800 0 524288 0 0 0 0 4 0 0 0 512 0 0 0 0 0 8192 16777216 0 2048 0 64 0 0 64 0 0 0 0 2147483648 0 0 0 0 32 128 0 0 0 512 0 0 0 0 0 0 0 0 0 0 0 0 131072 0 0 536870912 1048576 24576 0 0 4144 4 0 0 0 0 0 0 0 536870912 0 67108864 0 0 0 0 64 8192 0 0 0 0 0 268435456 0 262144 0 0 0 0 0 0 134217728 0 1048576 0 0 0 0 0 0 0 0 512 262144 268435456 0 0 0 0 512 0 0 536875008 64 0 0 0 2147483648 131088 128 0 2147483648 8 131072 0 0 0 0 0 0 2048 0 0 0 0 0 0 0 0 524304 0 0 65600 0 0 0 0 16778240 0 0 0 134217792 0 0 0 0 512 8192 131072 0 0 0 64 0 32832 0 4194304 0 0 0 0 2147483648 4194304 0 0 0 0 0 536903680 0 1048576 16384 0 1 0 0 4194304 32768 0 0 0 0 0 0 2097152 8192 0 2048 0 0 0 0 0 0 0 0 262144 1048576 145 0 536870912 134217728 2048 1073741824 0 0 2147483648 0 256 0 1048576 0 8192 128 0 0 2048 0 0 0 0 0 0 0 0 0 0 0 0 0 8388736 0 4194304 0 0 0 0 131072 0 2048 0 2097152 0 0 0 1048576 0 0 0 4096 524288 0 0 0 0 0 0 0 0 0 67108864 0 262144 0 0 0 0 512 65540 0 8192 268435456 0 0 0 0 0 65536 0 0 16 0 0 536870944 0 524288 0 0 0 0 0 0 0 2147483648 8 0 0 0 0 0 2048 536870912 0 0 0 0 0 0 131072 0 0 0 0 0 0 2147483648 2097152 0 0 4 0 1024 0 0 32 256 0 0 0 0 131072 0 0 0 64 0 0 16777216 0 0 0 0 0 0 33 0 16384 4 1 10493952 0 0 0 0 0 0 131072 67108864 0 0 0 8388608 0 0 64 0 268435456 0 0 4096 0 1048576 0 0 0 0 0 0 0 0 64 0 0 64 0 8192 0 0 0 2 0 0 0 0 0 1 2048 1024 0 0 0 0 0 0 0 268435456 0 0 0 134217728 0 0 0 0 0 262144 0 0 0 16 1073741824 262144 0 16 0 0 0 0 0 2097152 0 0 8388608 0 4194304 1074003968 64 0 65536 0 0 134217728 0 0 1 8396800 0 0 0 0 0 0 0 0 131072 32768 512 0 16777216 0 0 0 16 0 2147483648 4194304 0 0 1024 0 0 0 0 4 0 0 0 0 16777216 0 0 65536 0 0 0 64 32 0 0 0 0 0 2147483648 0 2048 0 0 32 16 524288 33554432 524288 0 0 0 0 0 0 0 2048 0 0 0 0 0 0 1 262144 8388608 1073741824 4 0 0 0 32768 32 0 2097152 16777216 0 0 0 0 0 0 8388608 0 0 0 0 67108864 0 0 0 2147483648 0 0 0 0 2 0 0 0 0 0 0 2048 0 0 8388608 0 0 268435456 128 0 536870912 0 0 0 4 0 0 128 0 0 0 8388736 0 2147483648 0 0 0 262144 0 0 0 0 0 0 0 0 0 0 256 0 0 0 0 0 0 4096 0 1048576 0 0 0 0 8 0 0 0 0 0 512 0 0 0 0 16 64 0 16 0 0 0 67108864 0 32 0 67108864 1024 0 0 0 32768 0 0 4194304 0 67108864 0 0 0 0 0 0 0 0 0 0 0 268443648 266240 0 0 0 0 0 0 33693696 0 0 0 0 0 24576 16 0 2097152 268435456 67371008 0 16 0 0 0 131072 0 0 0 0 2 1048576 0 0 536870912 0 0 0 541065216 0 131072 0 512 0 0 0 0 0 0 1024 0 2048 0 256 8388608 0 0 262146 131072 0 0 8192 64 2 0 16777216 0 0 0 0 0 0 0 2 0 0 0 2097280 0 0 0 0 4194304 0 0 0 0 0 0 0 0 0 262144 0 0 512 0 4194304 1048576 32768 0 0 0 0 0 8 33554432 0 0 33554432 0 268435456 0 0 0 0 16 0 0 0 0 0 0 0 0 0 0 0 0 2048 1024 0 0 0 0 65536 1024 0 0 0 1 128 0 0 0 0 2 32768 0 0 0 0 0 0 0 0 4194304 8192 0 0 262656 2113538 0 268435456 0 0 0 2048 2097152 0 0 0 0 8388608 4097 0 0 0 536870912 0 0 2097152 0 0 0 2048 0 0 0 0 262144 32768 0 0 2147483648 256 0 0 0 64 0 0 0 0 64 0 0 16448 0 16777216 128 0 0 0 130 0 0 262144 0 536870912 0 0 0 0 32768 0 0 16777216 0 0 16384 0 8 0 0 0 0 0 0 0 2048 0 134217728 0 0 0 0 0 134217728 1024 0 0 524288 0 0 131072 0 0 524288 0 0 1 0 0 0 0 0 8 1073741824 0 0 0 2176 268435456 0 0 0 0 0 524320 0 0 1073741824 32768 0 0 0 0 0 134217736 0 0 0 0 0 0 0 0 524288 8388608 0 17301504 0 128 0 65536 0 0 0 0 0 0 0 1048576 0 536870912 0 0 1050624 0 0 4 0 0 0 524288 0 0 0 0 0 512 0 0 0 134217728 0 0 524288 0 0 131072 0 0 0 0 0 16777216 0 262144 8388640 0 1048576 0 134217728 0 268435456 0 0 0 268435456 0 0 0 0 0 0 0 0 1024 0 0 0 1024 0 0 524288 0 0 0 0 0 2147483648 0 0 0 134217728 0 0 0 0 0 272695296 0 1 0 0 0 0 2097216 0 0 0 2 0 0 1048576 536870912 0 0 0 0 0 0 0 0 0 0 0 1048576 0 256 1024 0 0 0 0 0 0 16 0 0 8192 0 0 0 16777216 2162688 0 0 0 0 0 0 1024 4194304 536870916 0 64 0 0 0 268435456 0 0 0 0 0 0 0 0 1024 0 0 1073741824 64 0 0 0 32768 0 0 0 0 0 0 0 0 0 536870912 256 10242 0 16777216 0 4096 0 1048576 0 128 64 64 0 536870912 0 0 1024 67108864 0 0 268435456 0 2097152 4194304 0 0 0 2147549184 0 268435456 0 0 0 0 0 0 0 64 0 0 0 0 0 0 0 2 0 0 0 0 0 0 1048576 2097152 0 0 0 0 8388612 0 0 0 0 32 0 262144 0 2 73728 0 0 0 268435456 0 0 32 0 0 0 0 4194304 0 0 0 0 0 0 67108864 16384 256 0 0 0 4096 0 0 4096 0 0 0 4 33554432 0 0 0 0 0 262144 0 0 0 1024 0 32 0 2147483648 16 0 0 8192 256 0 0 0 131072 0 0 0 0 8388624 0 2147487744 32 0 0 4 0 0 0 0 0 0 0 8 0 0 32 0 0 0 2048 4 0 262144 0 0 512 0 0 0 0 0 0 0 3221225472 256 65536 0 0 0 0 0 134217728 0 0 0 0 0 64 0 64 0 2 0 0 0 0 1048576 0 0 67108864 0 0 0 1048576 0 4 0 0 0 0 0 0 0 0 2048 0 0 0 34816 69206016 0 0 0 0 0 0 2048 65536 67108864 0 2048 0 0 0 32 128 0 256 256 0 0 0 0 0 0 0 0 32 0 0 0 524288 16384 0 0 0 0 0 0 2147483648 32768 0 0 0 0 0 1024 1 0 0 512 0 0 2097152 0 4 0 0 256 0 0 0 0 0 0 0 0 0 262144 0 0 0 264 8192 4 0 0 256 2 0 0 1 0 0 0 0 1082130688 0 32768 0 0 0 0 1024 134217728 0 0 0 0 0 8 2 32 0 0 0 4096 0 0 0 0 0 0 4202496 0 0 512 1073741824 256 0 0 268435456 0 2048 0 32768 0 0 0 0 0 1073741824 0 0 0 0 0 0 0 0 0 0 524288 536870912 0 0 0 0 0 0 0 16 131072 0 0 0 0 2048 131072 0 0 64 4194304 16 0 32 0 0 524288 0 33554448 0 0 32 0 4194304 0 128 0 0 4325376 0 0 0 262144 4194304 32768 0 0 514 0 0 128 134217728 64 41943040 0 0 0 0 268468224 0 0 0 2 0 0 0 0 0 0 0 0 8 0 0 0 32 0 0 0 0 536870944 0 8 0 0 0 0 0 0 0 0 131072 262144 0 0 0 0 0 0 0 0 0 0 0 0 1073741824 4 65536 4 0 0 2048 0 0 0 0 0 0 0 33554432 0 0 0 0 64 0 1048576 0 0 0 0 0 2147483648 0 0 0 32 256 8192 128 0 0 65536 0 0 1024 0 0 536870912 0 0 0 0 0 0 0 256 0 0 32 268435456 0 0 0 536879104 0 0 0 0 128 0 1048576 0 0 0 262145 524544 0 4 0 0 0 16777216 0 0 0 1024 0 67108864 4096 0 1024 0 0 4 0 0 268566528 0 0 0 0 0 0 0 0 0 2048 0 0 0 0 0 0 131072 0 0 0 0 0 2 0 0 0 0 0 0 16 134217728 0 0 64 0 0 0 0 0 0 0 0 1048576 0 16 0 0 0 0 134217728 0 0 0 0 8388608 0 0 0 0 0 0 278528 0 4194304 33554432 0 0 256 0 0 8 0 0 4194304 0 0 0 0 0 0 0 2 0 0 2214592512 4 0 4 0 0 0 0 0 0 0 8388608 16384 1 0 0 8 128 8192 0 0 0 1024 0 4096 0 1024 0 0 0 268435456 0 1028 67108864 8 0 0 0 0 0 0 1048580 0 2097664 0 0 0 0 128 0 0 0 0 0 0 0 0 0 8388608 0 256 0 32 0 16 260 0 0 512 8192 0 0 16388 536870912 0 0 0 2097152 0 0 0 0 0 0 16777216 536870944 0 0 0 0 0 0 0 0 0 0 0 0 262176 0 0 0 0 0 0 67108864 0 0 512 268435456 0 8 0 33562624 0 0 0 0 64 0 0 0 0 134217728 0 0 0 2147483648 0 0 2147500096 8 0 0 0 64 0 0 1048576 256 0 0 0 0 0 0 16 1073741825 0 0 0 0 0 0 262144 0 0 0 16384 0 0 0 0 512 0 0 0 0 0 0 0 0 8192 0 0 0 524288 0 0 1073741824 4096 0 4 134217728 0 0 0 0 0 0 0 0 0 512 0 0 64 67108864 0 2 0 0 0 131072 0 0 0 0 16384 0 256 8 512 0 134217744 0 0 0 0 0 536870920 0 1024 0 33554432 0 0 0 0 0 0 32 4 0 33554432 32 0 131072 0 0 0 0 0 2048 0 0 0 2147483648 0 0 0 8192 0 20971520 0 0 8454144 0 0 0 2147483648 536870912 0 536870928 2147483648 0 0 1179648 0 0 0 0 0 262144 0 0 0 0 0 0 2048 131072 0 0 0 262144 0 0 0 32 0 0 0 0 0 512 0 0 0 0 134217728 2097152 0 0 0 0 4 0 0 0 0 0 536870912 0 536870912 0 32768 65536 0 0 0 0 1048576 256 4194304 0 32 0 16 0 0 0 65536 0 0 67108864 0 0 0 0 1 262144 0 0 0 0 0 0 0 0 1077936128 0 0 0 0 0 16777216 0 0 0 0 0 2048 0 32768 0 16777216 0 0 0 0 0 2048 0 0 0 2097152 131072 0 0 65536 0 0 0 0 0 0 32768 0 0 0 0 0 0 64 0 0 0 0 262208 0 536870912 0 0 0 4112 1048576 1048576 0 64 211 0 1048576 0 0 0 0 0 0 0 0 0 0 0 64 0 536870912 1073741824 0 0 0 1024 0 524352 0 8388608 524288 0 0 4 0 131072 0 0 0 0 0 0 0 0 8192 0 0 128 0 0 0 0 0 1048576 1024 0 260 0 131072 268533760 0 1073741824 0 524288 0 16785408 0 0 0 0 0 66560 0 0 0 0 0 0 0 0 0 0 1048576 0 0 0 64 0 0 0 0 0 0 524288 134221824 0 0 0 16 0 64 68 0 0 0 0 0 0 0 0 0 0 1024 0 0 1 2097152 0 0 0 0 0 0 0 0 0 33554432 4194304 8192 0 0 0 0 0 0 4096 0 0 2147483648 0 8388608 0 0 0 0 1024 33558528 4096 65536 0 0 0 67239936 0 0 0 256 0 0 0 16384 0 32 0 0 0 0 0 1048576 0 0 16384 0 0 0 2149580800 0 0 4194304 0 0 16777216 0 0 0 0 0 8192 0 134217730 3 536870912 32768 0 0 0 0 0 0 0 2097152 0 32 536870912 0 0 0 0 0 131072 8 0 0 0 0 1048578 65536 0 2048 0 0 0 1073741824 0 0 0 0 0 0 0 32 0 0 0 0 0 0 64 0 2147483648 32768 0 256 0 0 0 0 134217728 0 67108864 0 2048 64 0 8388608 0 0 0 0 0 0 262144 0 0 0 0 0 0 545259520 16 0 0 0 0 8388608 64 0 0 0 0 131072 0 2097152 0 268435456 0 64 0 0 0 0 512 0 0 4128 0 65536 0 0 130 0 0 524288 0 0 0 0 0 0 8388608 524288 0 16 2097152 0 0 0 0 2147483648 0 0 0 131080 0 262145 0 0 0 0 0 0 16384 0 0 0 2147483648 0 0 0 0 0 0 0 0 0 0 8 0 0 0 0 0 524288 8388608 0 0 0 16793600 8192 0 0 0 0 0 1 0 0 0 0 0 268697600 0 0 0 0 0 268435456 294912 4 0 0 8192 1 262144 2 0 0 0 2097152 0 0 0 0 65536 0 0 32768 0 0 0 8388608 0 0 0 0 2147483648 268435456 32 0 0 256 0 0 2097152 0 16777216 0 0 2101248 32768 512 8388608 0 0 0 0 0 4194304 0 0 0 0 0 0 0 131072 4194304 0 67108864 0 0 0 0 0 0 0 256 0 0 0 0 0 0 0 0 2097152 0 524288 0 0 0 2048 4 0 65536 134217728 0 0 0 67108864 0 0 0 4194304 0 131072 68 0 1024 0 0 0 65536 0 0 0 0 0 0 0 128 0 0 8192 256 1114112 1073741824 0 0 0 0 32 0 0 32 0 0 0 0 0 0 1073741824 0 0 0 0 0 16779520 0 0 0 0 0 0 0 1073741824 16777217 0 67108864 0 16384 2097152 0 0 64 268435456 0 0 0 0 0 0 0 0 0 1073741824 0 268435456 0 0 0 4096 0 0 65536 0 0 0 33554432 0 8388608 0 0 0 0 33554432 0 0 32768 0 32768 0 0 0 0 2048 0 256 0 0 0 0 0 0 0 0 0 0 0 0 0 0 1048576 0 0 0 0 0 4096 0 65536 8388608 32768 0 0 0 1073741824 0 0 0 0 0 0 0 0 16384 0 0 0 0 0 0 524288 512 8388608 131072 0 0 4 0 2147483648 131072 8404992 1073741824 0 8192 0 0 524288 0 0 32768 0 1073741824 0 0 0 0 0 0 1073741824 8192 0 0 4096 0 0 0 150995136 0 1048576 0 0 0 0 0 0 0 0 2147483648 4 0 2048 0 4456448 0 0 0 0 0 33554432 0 0 0 0 0 0 32 0 0 0 0 0 0 0 0 0 0 0 0 8192 0 0 0 2048 0 0 128 0 2 134217984 262144 0 0 0 0 0 1088 0 524288 2097152 0 0 0 0 0 0 0 268435456 128 0 138412032 0 0 0 0 0 0 0 0 268435456 0 8388624 0 1048576 1 0 8192 0 0 134217728 0 33554432 0 2147483648 33554432 3 16384 0 0 65536 0 0 0 536870912 64 0 262144 0 0 0 8388736 0 0 0 0 0 1073741824 0 0 0 0 1610612736 0 0 0 0 1048576 0 0 64 0 0 0 0 0 0 0 0 0 0 0 0 0 0 32768 0 0 0 0 0 0 8 4096 0 1048576 0 0 8 0 8388608 0 0 2052 272629760 0 0 4 0 0 0 8 0 2097152 536870912 0 0 0 0 0 64 1 0 0 1073741824 0 0 32 1048576 0 0 2097152 0 0 65536 0 0 0 0 537395200 4194304 4194304 0 0 0 0 2048 0 0 2 0 0 524288 0 0 0 0 134217728 0 0 0 0 0 0 0 0 0 0 0 0 0 67108864 0 0 268435584 0 0 589824 0 8388608 0 0 0 0 512 536870912 0 2097152 0 0 0 67108868 0 1 0 0 8 0 0 0 2 0 0 8388612 0 67108864 2097152 0 0 0 0 262144 0 0 0 2048 0 0 262144 1048576 0 0 65536 33554433 0 4096 0 16384 1024 0 0 0 0 0 0 0 0 2048 0 2147483648 0 0 0 0 64 2147483648 0 0 0 8 278528 0 4096 0 0 0 32 0 0 0 0 67108864 0 0 0 0 0 0 536879104 0 0 0 129 0 16384 0 128 0 0 0 0 0 0 2048 0 0 0 0 0 0 0 0 0 1 256 0 262144 4194304 0 2147483648 65536 4 0 1024 0 0 16777216 0 0 0 0 0 0 0 0 32768 0 0 0 0 0 0 0 0 0 0 33554432 0 0 65544 0 0 0 0 0 0 520 0 0 16777216 0 0 0 0 0 0 134221824 0 0 0 2147483648 33 16 0 268435456 0 16384 2147483648 0 0 8388608 0 541065216 33554432 0 0 0 0 4 8 0 8 0 1073741824 0 8388608 0 0 32768 0 0 2048 0 0 0 0 0 0 0 0 16777216 0 0 0 0 4 2 2048 2147483648 32 0 0 2147483648 2048 0 0 8 0 0 0 0 0 1107296256 0 0 33554944 67108864 1048576 0 0 0 0 0 0 524288 0 262144 0 0 0 4 4 8388608 0 16 0 0 0 0 0 0 0 0 0 0 0 0 0 0 32 0 1073741824 0 0 0 0 134217728 0 0 33562624 2 0 0 16384 4194304 0 0 0 1073741824 0 32 0 0 0 0 16 0 0 0 0 0 32768 0 0 537135104 0 0 33554432 0 0 128 0 2 0 0 0 262144 0 0 2304 0 0 32 0 536879104 0 33554432 4194304 524290 33554432 0 0 0 0 0 0 536870912 0 0 0 0 0 0 8650752 0 0 0 0 0 0 0 0 67108864 0 32 0 0 16384 8192 0 0 33554432 0 0 536870912 2048 0 1073741824 0 0 8 0 0 0 0 0 0 0 0 0 0 0 0 0 0 0 0 33554432 2147483648 0 0 0 0 0 0 0 0 0 33620480 0 131072 0 1048576 0 0 2147483648 0 536870912 0 0 1073741824 0 134217728 2147483648 0 0 4096 1048576 0 0 0 0 0 0 0 0 0 0 524288 536870912 0 0 0 0 4 0 0 16512 0 0 0 0 0 0 0 0 0 0 0 0 0 33554432 1073741824 0 16 0 0 524288 0 0 128 524288 0 0 0 0 0 201326592 0 262144 4 0 2098176 0 0 4 0 8192 268435456 0 0 0 0 0 0 0 0 0 8388608 0 0 0 524288 128 524296 524288 0 1048576 0 2048 0 0 0 33554432 0 0 64 0 0 536870912 8320 0 1073741824 0 0 0 0 0 0 0 0 524288 8192 0 0 268435456 0 545259520 0 0 1048576 0 0 1048576 262144 8192 2048 0 2097152 0 0 0 0 0 0 0 4096 260 16 0 32768 0 0 0 0 0 16777216 16777216 524288 0 4096 0 0 0 0 0 0 0 0 0 0 0 4096 0 0 0 0 0 2048 0 536870912 0 0 0 0 0 0 0 0 0 2147483648 0 0 0 0 0 262144 0 0 4 0 128 0 0 2097152 0 524288 4194304 0 131072 0 0 0 0 0 0 0 0 3072 0 0 0 0 0 0 0 0 0 0 0 0 0 0 4259840 0 4 0 0 0 0 0 33554432 0 538968064 4 1 8192 0 8421376 0 0 0 0 0 0 0 0 0 0 0 0 32768 262144 0 0 8192 0 0 0 67108864 0 0 0 67108864 2064 0 0 2 0 16777216 0 16 0 0 0 65600 0 0 65536 0 0 0 4194304 0 0 64 32768 0 0 0 64 0 8192 131072 16777216 1048576 0 0 0 134479872 8388608 0 0 0 0 0 128 0 1 0 0 4096 0 67375104 0 0 8388608 8 0 0 0 0 0 0 0 0 67108864 0 0 0 512 0 0 134217728 0 0 0 0 0 0 0 0 2048 0 0 0 0 0 0 0 0 128 0 0 0 0 1073741840 0 16 0 0 0 0 0 0 0 65536 0 0 132096 65536 0 0 0 0 0 1024 536870912 134217728 0 0 0 2129920 0 64 0 0 0 0 0 1073741824 0 0 0 0 0 0 4194560 0 0 0 257 0 0 0 0 0 2 0 0 0 0 2147483648 2097152 0 0 0 0 0 2048 0 0 0 65536 0 0 262144 0 0 2 268435460 0 64 0 0 0 67108864 536870912 0 64 0 4194304 256 0 67112992 0 8192 4 0 0 0 0 0 0 0 0 0 64 0 0 1024 0 32 0 65536 0 0 0 65536 0 256 0 0 0 16 0 0 65536 0 0 0 262144 0 1 0 1048576 0 64 0 0 0 0 0 0 0 0 0 0 0 2147485696 0 0 8 131072 0 0 0 0 37748736 0 0 0 0 0 32768 8192 0 0 0 0 134217732 0 138412032 256 0 0 0 524288 0 0 0 544 262144 0 4096 0 0 0 0 0 0 0 0 0 0 0 0 0 0 0 8388608 1024 524288 0 0 0 0 64 128 0 0 0 0 0 0 0 0 4194304 8388608 0 0 0 0 0 0 67239936 0 0 32 0 4 0 0 0 0 0 0 0 0 0 0 1048576 268435456 16 16777216 0 1 0 0 0 0 0 4194368 0 0 0 0 1 65536 0 0 0 8 0 268435456 0 33554432 1073741824 0 0 4 0 4 0 0 2228224 0 0 0 0 0 0 0 0 0 0 128 0 9437184 0 16778240 0 0 128 0 0 134217728 0 0 0 0 268435458 0 0 134217728 0 0 0 1024 0 40960 0 33554432 67108864 0 0 0 0 268435456 0 0 0 0 0 8192 0 1207959552 4096 0 0 0 1024 0 0 4194304 0 0 0 67108864 0 0 0 0 0 0 0 3221225472 0 0 0 0 16384 0 0 0 0 0 0 0 0 0 0 32768 0 65536 0 0 0 0 0 0 32 0 0 0 67108864 134217728 16777216 0 0 0 262144 0 0 8704 2147483648 132 0 0 0 67108864 0 0 4096 0 0 0 0 0 0 0 0 0 0 8 0 0 0 0 0 0 65600 0 0 2147483648 0 536870912 0 0 0 4096 0 1 0 536870912 16 0 0 0 0 0 8388608 0 65536 0 0 0 65 8192 0 2 1 0 0 64 0 2097152 0 0 0 0 268435456 0 0 0 33024 0 0 0 0 0 0 0 0 8192 0 0 0 0 0 0 512 1 0 0 2147483648 131072 8194 0 0 16 0 0 2147483648 4194304 0 0 0 8192 8192 0 0 16 0 0 0 0 0 0 32 0 128 0 536870912 0 0 1 256 0 0 0 0 570425376 32768 0 67584 16384 262144 0 4096 0 0 268435456 0 0 512 0 0 128 0 0 0 2097152 0 0 0 0 0 0 0 0 0 0 0 0 0 0 0 134217728 0 0 0 4096 0 128 8388608 0 2097152 536870914 0 0 512 0 32 0 0 0 0 0 0 67108864 0 0 0 0 0 0 0 0 0 128 0 0 0 262144 0 0 0 256 0 0 4196384 524288 0 0 0 2048 0 0 0 0 0 0 0 0 0 4096 0 0 4194320 0 0 0 0 536870912 0 0 0 4 0 64 1073741824 0 2147483648 0 0 68157440 0 0 0 0 0 0 0 0 0 32768 268435456 0 1 2048 0 0 0 0 8650752 0 128 0 0 0 0 16 0 0 0 0 67108864 0 0 32768 0 0 0 0 0 512 8388608 0 0 1073741824 16777216 0 0 0 268435456 64 0 0 0 0 0 0 0 0 0 0 0 1048580 536870912 2147483648 0 0 1073741824 0 0 67108864 0 65536 8388608 0 0 34 0 16777216 32800 0 32 1073741824 0 0 16 0 0 0 0 0 0 0 0 65536 0 0 0 8192 0 0 4194304 0 0 0 16 0 0 0 0 0 0 256 1179648 262144 4 0 0 0 0 1073741824 262144 0 0 0 0 0 0 0 0 8192 0 64 0 0 32 0 2048 0 0 0 0 0 0 268435456 8 0 0 2048 1073741824 0 0 0 0 512 0 0 0 0 0 0 4194304 0 0 0 0 0 0 0 0 0 1048576 0 0 268435456 256 4202628 8650752 0 0 0 0 0 0 0 0 16779264 2097152 0 0 0 0 0 0 33792 0 0 0 536870912 32768 0 0 0 0 0 0 0 134217728 0 0 0 2097152 0 512 0 64 0 0 0 0 32 0 1 0 0 0 0 0 0 536870912 0 64 0 0 0 0 0 0 0 2216689664 0 0 524288 131072 0 0 0 0 0 0 0 0 536870912 2097152 0 0 541065216 0 16908296 1073741824 0 0 0 0 8388608 0 8388608 1024 0 0 0 0 8388608 0 0 2 0 0 4 0 0 2 0 16777216 0 0 0 0 0 32768 32 0 0 0 0 262144 0 0 268435456 0 4194304 0 0 8388608 0 0 0 0 0 0 0 256 0 4096 0 8192 1 0 0 0 0 0 8192 8 0 0 0 0 0 0 0 0 1064960 0 537919488 0 0 0 0 134217728 2147483648 0 0 4096 0 0 0 8192 0 1073741824 0 0 0 0 0 524288 536870912 0 0 0 0 0 0 0 16512 0 0 1048576 0 0 1048576 0 0 0 0 0 0 0 0 1073741824 0 16 0 0 524288 0 0 128 524288 0 0 0 0 0 134217728 524288 262144 4100 8 0 0 0 4 0 0 268435456 0 0 0 0 0 0 0 0 0 8388608 16384 0 0 0 128 8 524288 0 0 0 32768 0 0 0 0 0 0 0 35653632 0 256 0 1048576 268435456 0 128 536870912 0 0 0 0 1024 0 0 0 33554432 0 0 0 0 0 0 8388608 0 0 0 0 0 0 0 8192 2048 0 0 0 0 4194304 0 0 0 0 0 260 0 0 32768 0 0 0 0 0 8192 0 0 0 0 0 2098176 0 0 0 0 8192 2048 0 131072 32 0 0 0 128 0 64 0 1024 0 0 524288 2097152 524288 0 0 0 0 268566528 0 0 0 0 0 0 134217728 0 131072 0 0 0 0 0 0 0 1048576 16850944 32768 0 16777216 0 128 0 536870912 0 0 0 0 0 512 0 0 16384 0 0 0 0 4096 262144 0 0 0 0 0 0 0 0 2097152 0 0 4194304 2097152 0 1048576 0 134217728 268435456 131328 512 0 0 536870912 0 0 0 32 0 2048 0 0 524288 0 0 0 0 0 0 0 0 0 0 4194304 64 268959744 0 0 32 2 536870912 134217728 0 0 0 0 134217728 2 0 268435456 0 0 0 0 0 0 0 512 0 64 0 131072 0 262144 5 0 0 0 0 16384 8388608 0 4194304 1048576 0 0 4194304 0 0 0 67108864 0 32 0 2147483648 0 0 0 262144 33554432 0 0 0 67108864 0 0 8388608 0 0 0 67108864 0 8388608 524288 268435456 0 0 0 0 0 0 0 0 512 0 0 0 0 0 16777216 0 0 0 0 0 0 0 0 64 33554432 134217728 0 0 0 0 0 134217728 33554432 0 0 0 0 0 4096 0 0 0 0 1 0 2048 65536 0 0 0 1073741824 0 0 32 0 0 256 65536 0 0 0 0 0 262144 0 0 0 0 65536 0 0 0 0 0 0 4194304 0 16777232 0 0 0 0 285212672 0 0 1048576 33554432 2097152 0 524288 0 0 0 131072 16777216 67108864 0 0 32 16809984 0 0 0 0 0 0 0 2048 16384 0 0 0 0 0 0 67108864 0 0 0 2097152 0 0 0 0 0 67108866 0 0 0 524288 0 0 0 0 0 0 0 0 0 0 0 0 131072 0 0 32 0 0 8388608 0 32 536870916 0 256 0 0 0 0 0 0 0 4096 8192 8388608 0 524288 0 0 0 32768 0 0 0 0 0 33554432 0 0 0 0 0 16384 0 67108864 1073745920 0 8192 0 0 32 1024 128 0 0 0 268435456 2101248 0 0 0 0 0 1073741824 0 0 0 0 0 2147483648 67108864 268435456 0 0 0 524288 0 0 0 0 4194304 0 0 0 0 2097152 16777344 0 0 0 131072 0 0 0 0 67109120 0 0 134217728 0 0 32 0 0 0 0 16648 0 0 1073741824 75497472 0 524288 0 0 0 0 2097152 0 1024 0 2 1073745920 0 0 0 0 0 0 0 0 536870912 0 0 0 0 0 1024 2048 0 0 0 0 0 0 0 0 0 0 0 8388608 0 524288 0 0 0 0 0 0 67112960 0 0 0 8192 0 536870912 4 128
is_linear=0
shrinkage=0.05


end of trees

feature_importances:
item_id=73
roll_mean_28_lag_28=19
days_since_last_sale_lag_28=11
target_wday=7
sell_price=5
roll_mean_7_lag_28=5
price_momentum_28d=3
dept_id=2
store_id=2

parameters:
[boosting: gbdt]
[objective: quantile]
[metric: quantile]
[tree_learner: serial]
[device_type: cpu]
[data_sample_strategy: bagging]
[data: ]
[valid: ]
[num_iterations: 50]
[learning_rate: 0.05]
[num_leaves: 128]
[num_threads: 4]
[seed: 0]
[deterministic: 0]
[force_col_wise: 1]
[force_row_wise: 0]
[histogram_pool_size: -1]
[max_depth: -1]
[min_data_in_leaf: 20]
[min_sum_hessian_in_leaf: 0.001]
[bagging_fraction: 0.8]
[pos_bagging_fraction: 1]
[neg_bagging_fraction: 1]
[bagging_freq: 5]
[bagging_seed: 3]
[bagging_by_query: 0]
[feature_fraction: 0.8]
[feature_fraction_bynode: 1]
[feature_fraction_seed: 2]
[extra_trees: 0]
[extra_seed: 6]
[early_stopping_round: 0]
[early_stopping_min_delta: 0]
[first_metric_only: 0]
[max_delta_step: 0]
[lambda_l1: 0]
[lambda_l2: 0]
[linear_lambda: 0]
[min_gain_to_split: 0]
[drop_rate: 0.1]
[max_drop: 50]
[skip_drop: 0.5]
[xgboost_dart_mode: 0]
[uniform_drop: 0]
[drop_seed: 4]
[top_rate: 0.2]
[other_rate: 0.1]
[min_data_per_group: 100]
[max_cat_threshold: 32]
[cat_l2: 10]
[cat_smooth: 10]
[max_cat_to_onehot: 4]
[top_k: 20]
[monotone_constraints: ]
[monotone_constraints_method: basic]
[monotone_penalty: 0]
[feature_contri: ]
[forcedsplits_filename: ]
[refit_decay_rate: 0.9]
[cegb_tradeoff: 1]
[cegb_penalty_split: 0]
[cegb_penalty_feature_lazy: ]
[cegb_penalty_feature_coupled: ]
[path_smooth: 0]
[interaction_constraints: ]
[verbosity: 1]
[saved_feature_importance_type: 0]
[use_quantized_grad: 0]
[num_grad_quant_bins: 4]
[quant_train_renew_leaf: 0]
[stochastic_rounding: 1]
[linear_tree: 0]
[max_bin: 255]
[max_bin_by_feature: ]
[min_data_in_bin: 3]
[bin_construct_sample_cnt: 200000]
[data_random_seed: 1]
[is_enable_sparse: 1]
[enable_bundle: 1]
[use_missing: 1]
[zero_as_missing: 0]
[feature_pre_filter: 1]
[pre_partition: 0]
[two_round: 0]
[header: 0]
[label_column: ]
[weight_column: ]
[group_column: ]
[ignore_column: ]
[categorical_feature: ]
[forcedbins_filename: ]
[precise_float_parser: 0]
[parser_config_file: ]
[objective_seed: 5]
[num_class: 1]
[is_unbalance: 0]
[scale_pos_weight: 1]
[sigmoid: 1]
[boost_from_average: 1]
[reg_sqrt: 0]
[alpha: 0.025]
[fair_c: 1]
[poisson_max_delta_step: 0.7]
[tweedie_variance_power: 1.5]
[lambdarank_truncation_level: 30]
[lambdarank_norm: 1]
[label_gain: ]
[lambdarank_position_bias_regularization: 0]
[eval_at: ]
[multi_error_top_k: 1]
[auc_mu_weights: ]
[num_machines: 1]
[local_listen_port: 12400]
[time_out: 120]
[machine_list_filename: ]
[machines: ]
[gpu_platform_id: -1]
[gpu_device_id: -1]
[gpu_use_dp: 0]
[num_gpu: 1]

end of parameters

pandas_categorical:null
